1.000000000000000056e-01 5.316507660958112263e-05 8.218105569782019164e-04 3.707661157099769941e-04 1.530058646441393707e-05 1.662563056113801037e-04 8.964133875184763850e-04
3.002004008016032621e-01 4.206816095377399062e-03 5.072945875568158486e-02 2.341362386124808126e-02 1.521564295643432685e-03 1.296388715632018802e-02 5.516257263209173312e-02
5.004008016032064354e-01 3.062109741551273523e-02 2.529007813366677127e-01 1.256112643518730310e-01 1.337498804749047074e-02 9.233470478781219404e-02 2.711595510770655748e-01
7.006012024048097198e-01 1.069330656412991604e-01 5.973364795668782978e-01 3.444124224854485661e-01 4.771253471426281645e-02 3.149063237492666367e-01 6.193935857078279872e-01
9.008016032064128931e-01 2.568739508318650389e-01 9.073443198109627517e-01 6.579358958192150775e-01 1.069344216124861469e-01 7.355469652053501228e-01 8.904952100923032576e-01
1.101002004008016177e+00 4.897186843241111420e-01 8.300870353602944895e-01 8.637754247275674091e-01 1.950973827765262458e-01 1.351794573061091631e+00 7.435070157787453393e-01
1.301202404809619573e+00 7.938635827398394795e-01 3.723810540255765855e-01 7.807287934466207169e-01 3.102118747777929397e-01 2.094361833957363750e+00 2.678868485005657107e-01
1.501402805611222746e+00 1.136799688585137913e+00 2.854016960186537069e-02 5.023734333625916593e-01 4.200336597791341497e-01 2.847760165414474631e+00 2.268337528014023607e-03
1.701603206412825919e+00 1.476793065696609064e+00 8.686127050368692981e-02 1.854999765781059629e-01 4.998783383447064632e-01 3.489417193144783269e+00 1.703272850421436446e-01
1.901803607214429093e+00 1.776012709390169864e+00 5.003470661384435969e-01 2.953824288191123602e-03 5.542230229851466961e-01 3.927605950746052788e+00 6.142470173180322179e-01
2.102004008016032266e+00 2.005498435686682068e+00 8.806202981152493336e-01 1.160627088897933645e-01 5.687732685904951513e-01 4.122757638474767283e+00 8.890979869554437309e-01
2.302204408817635439e+00 2.150477610936971651e+00 7.759080007046155192e-01 4.232147183053006079e-01 5.251396741212794872e-01 4.087248368632907969e+00 6.446785008789643889e-01
2.502404809619239057e+00 2.214258444595767372e+00 3.471200587841763996e-01 7.268469259131969951e-01 4.482191694816707317e-01 3.869025276200179775e+00 1.961317297962150430e-01
2.702605210420842230e+00 2.210156974771839700e+00 3.084919911617634708e-02 8.852497833748207423e-01 3.623530405410639310e-01 3.530171619984147746e+00 1.221415376647736668e-05
2.902805611222445403e+00 2.152594820154583033e+00 8.924367577464338563e-02 7.498803724760162437e-01 2.630049447121855510e-01 3.129798193321021049e+00 2.153186543148022658e-01
3.103006012024048577e+00 2.057971172940558535e+00 5.254010430941105092e-01 3.994015003196373925e-01 1.621239391021808696e-01 2.714612336852912922e+00 6.927715967467650282e-01
3.303206412825651750e+00 1.943249586651496275e+00 8.854206737702765562e-01 1.023449018247567510e-01 8.427780772453820346e-02 2.316194314390699116e+00 9.250816656017570860e-01
3.503406813627254923e+00 1.819350151491821110e+00 8.122017832678963822e-01 7.124153762682814946e-04 3.134506894514606928e-02 1.952648889391636278e+00 6.874422037505557581e-01
3.703607214428858097e+00 1.692234794646691798e+00 4.470372211840908938e-01 1.561021571627410898e-01 2.625918116882154651e-03 1.632096392281054520e+00 2.716501967016416441e-01
3.903807615230461270e+00 1.568248845925646728e+00 7.607478851548678256e-02 5.030114706719708284e-01 5.971993344549593810e-03 1.356090086913459558e+00 8.101625529708800580e-03
4.104008016032063999e+00 1.451985907651638597e+00 4.879216531984448962e-02 7.915596901405014263e-01 3.790391220276530249e-02 1.122293536262852331e+00 1.590660422157895992e-01
4.304208416833667172e+00 1.343468510411873540e+00 4.311345904576566745e-01 8.887617784090946493e-01 9.653562474823071393e-02 9.264507919547343429e-01 6.133697727454098247e-01
4.504408817635270346e+00 1.242462424669422028e+00 8.042276831890265987e-01 7.777812108237546207e-01 1.857608551242577732e-01 7.636608812702655458e-01 8.871023066864881512e-01
4.704609218436873519e+00 1.150700758108906374e+00 8.716600356374891723e-01 4.573066379102407875e-01 2.910886063269859103e-01 6.290404985894901824e-01 7.875744176300628618e-01
4.904809619238477580e+00 1.068000491450139533e+00 5.886302435731186611e-01 1.219455849483135484e-01 3.996247527697242008e-01 5.180598002057816842e-01 4.130397854493271237e-01
5.105010020040080754e+00 9.921072853192526297e-01 1.475652551317732653e-01 6.454423927381632031e-05 5.221855311302843194e-01 4.267338086377326922e-01 4.546981668124464027e-02
5.305210420841683927e+00 9.227320152331699443e-01 1.250118621159252048e-02 1.224355903997767919e-01 6.511332340928629447e-01 3.516645079073069113e-01 8.208957884261409987e-02
5.505410821643287100e+00 8.606612160776426768e-01 2.988859018297390091e-01 4.438273979821629744e-01 7.559152563880376929e-01 2.899795244445051989e-01 4.661860174962363379e-01
5.705611222444890274e+00 8.044631707844493995e-01 7.042683307398116543e-01 7.915487392896713992e-01 8.396723536769353791e-01 2.392767909365018653e-01 8.179802574483538979e-01
5.905811623246493447e+00 7.524180955701620377e-01 9.226156405852826703e-01 9.085389995028696486e-01 9.194453755779763426e-01 1.975833352092389861e-01 8.846208621052390475e-01
6.106012024048096620e+00 7.050470137923643410e-01 7.075910388918055238e-01 7.710291349977944630e-01 9.709168826560873322e-01 1.632834136694949201e-01 5.519403747879907396e-01
6.306212424849699794e+00 6.625969998118175219e-01 2.293515997786561289e-01 4.903736658636335122e-01 9.731363789034649381e-01 1.350426575609005864e-01 1.077674519474209058e-01
6.506412825651302967e+00 6.234162362380670785e-01 1.431548665229559741e-04 1.662987819558957858e-01 9.519683282931991064e-01 1.117667638536153918e-01 2.346749954942865465e-02
6.706613226452906140e+00 5.867503713833098766e-01 1.818298918597928693e-01 9.052437445835868641e-04 9.177754256364927254e-01 9.256927667768352630e-02 3.199696308378167653e-01
6.906813627254509314e+00 5.534950549024875155e-01 6.110143291433157708e-01 1.119525579576552410e-01 8.439941954941133639e-01 7.672530164247089168e-02 7.425028764682342075e-01
7.107014028056112487e+00 5.233722276050760680e-01 9.397485473336021355e-01 3.960000520720482475e-01 7.350289646567318425e-01 6.363519357704607027e-02 9.451359547863782407e-01
7.307214428857715660e+00 4.949365960750691240e-01 7.889691707945341026e-01 7.277629663266165227e-01 6.242324809604427038e-01 5.280946080112500912e-02 6.646290678375785799e-01
7.507414829659318833e+00 4.682112960596252482e-01 3.229536872054016849e-01 9.307094208442335814e-01 5.114437502951680870e-01 4.385203639654952634e-02 1.930312063332316752e-01
7.707615230460922007e+00 4.440459326647631655e-01 1.996282932800416687e-02 8.214759049090928356e-01 3.833371517556257713e-01 3.643603604282264624e-02 1.173064723488217905e-04
7.907815631262525180e+00 4.217792995125148603e-01 9.557383342753411615e-02 4.954795748867411587e-01 2.598182357458069802e-01 3.028950641205602201e-02 1.996348187262868279e-01
8.108016032064128353e+00 4.003456828011607849e-01 5.174575932786870114e-01 1.806271627948606018e-01 1.615588499221294050e-01 2.519122208354798720e-02 6.549518704293567639e-01
8.308216432865732415e+00 3.802376446546910094e-01 9.131871171290992795e-01 7.413137154398226174e-03 8.333206504978472873e-02 2.096167835057858794e-02 9.551180400826924100e-01
8.508416833667334700e+00 3.620675993347463595e-01 8.420191016546033635e-01 8.700017859294992273e-02 2.566738571535117502e-02 1.745083501072761806e-02 7.531782582309046736e-01
8.708617234468938761e+00 3.449853885868404690e-01 4.283889821783521401e-01 3.971012940885154108e-01 8.835381314662029513e-04 1.453333000385241547e-02 2.997105152911107018e-01
8.908817635270541047e+00 3.283078747864073832e-01 7.101140386513769831e-02 7.090701858376744493e-01 8.264402014729865451e-03 1.210773204784211694e-02 1.683383875584605963e-02
9.109018036072145108e+00 3.127393599419461823e-01 3.831530993822002823e-02 8.734731647844127256e-01 4.505686512524794546e-02 1.009136872860458625e-02 1.075369024565127618e-01
9.309218436873747393e+00 2.986416730259432439e-01 4.171986474316193849e-01 8.392918471064612085e-01 1.157078424282671353e-01 8.414159711234110717e-03 5.496412343065800732e-01
9.509418837675351455e+00 2.851270653194836191e-01 8.519266491296623167e-01 5.635907911179641738e-01 2.104329884550777130e-01 7.017428789278167163e-03 9.210368795418898413e-01
9.709619238476955516e+00 2.718040304002944940e-01 8.756774881831240753e-01 1.984547416939475561e-01 3.133023794663179484e-01 5.854074957082751503e-03 8.221828696061574959e-01
9.909819639278557801e+00 2.594290189652642131e-01 5.371490678090560245e-01 7.501251476824565521e-03 4.301011751420935059e-01 4.885524507943360580e-03 4.188757466621087500e-01
1.011002004008016186e+01 2.481879509671205686e-01 1.462086379260649771e-01 6.678150491444265202e-02 5.628449219439488616e-01 4.078572572996834802e-03 6.894906186102987833e-02
1.031022044088176415e+01 2.372362531059419577e-01 6.757969731615231894e-03 3.361806178423487057e-01 6.831625145853515990e-01 3.405379978844651646e-03 4.232611163721662628e-02
1.051042084168336821e+01 2.263529778180167207e-01 3.133853343921795820e-01 7.067114040584348000e-01 7.734562780577488583e-01 2.843845933729694051e-03 4.313553521292177728e-01
1.071062124248497049e+01 2.162715098446148232e-01 7.703749175112954983e-01 9.206869300259907796e-01 8.521094458361909707e-01 2.375822164349261720e-03 8.565867991464566344e-01
1.091082164328657456e+01 2.071015570882125401e-01 8.920844971611968655e-01 8.259800916882685806e-01 9.218284901252297159e-01 1.985405901828936164e-03 8.711046432273388263e-01
1.111102204408817684e+01 1.980698008998123538e-01 6.368945341183901432e-01 5.458439313628701273e-01 9.501724089380507721e-01 1.659210398299127776e-03 5.366989949282889860e-01
1.131122244488978090e+01 1.890098633223775693e-01 2.372798996805936533e-01 2.348221646213059233e-01 9.280229555866461588e-01 1.386767862522228674e-03 1.483112472522768732e-01
1.151142284569138319e+01 1.806035447788251480e-01 1.190362342946956354e-03 2.005341481097574693e-02 8.856312014901053242e-01 1.159518728855057478e-03 6.056344989248124352e-03
1.171162324649298725e+01 1.729797331434376195e-01 2.130076407961617735e-01 6.242428428747244518e-02 8.322301337583417613e-01 9.698000464677382316e-04 3.095442252347870293e-01
1.191182364729458953e+01 1.654462333464179757e-01 6.790253857153314421e-01 3.470400556654474888e-01 7.438729800183458973e-01 8.110770414243854065e-04 7.727812747644824398e-01
1.211202404809619360e+01 1.577927161827157865e-01 8.933865367293503112e-01 6.584343634641245391e-01 6.203873106596911047e-01 6.783322927947085324e-04 9.000997641476774502e-01
1.231222444889779588e+01 1.506267723703909878e-01 7.177185433944947013e-01 8.546931736221097253e-01 4.949584579254617811e-01 5.675456897683479364e-04 6.404959630394903014e-01
1.251242484969939994e+01 1.441760244834916216e-01 3.335579927008248680e-01 8.639528011097390436e-01 3.819327175505031757e-01 4.750341120284109001e-04 2.435579358013050255e-01
1.271262525050100223e+01 1.378563473375970516e-01 2.365084437151320287e-02 6.192554562439193111e-01 2.691835258525598906e-01 3.975543452070251244e-04 2.978535646698221920e-03
1.291282565130260629e+01 1.313407578255535724e-01 1.218497722149320395e-01 2.444930623869327746e-01 1.594623003447874221e-01 3.326477310930419425e-04 1.923706152255105495e-01
1.311302605210421035e+01 1.251110795381517593e-01 5.799046163296075473e-01 1.710854422595534108e-02 7.503240300351601832e-02 2.784407075901556010e-04 6.725311020977358112e-01
1.331322645290581264e+01 1.195407611117417501e-01 8.885991260369829892e-01 4.818787651031879171e-02 2.415414259128787280e-02 2.331986476847229376e-04 9.169143128394973141e-01
1.351342685370741670e+01 1.142237266528655232e-01 7.818562626206172483e-01 2.838517834067715295e-01 1.273184345698929890e-03 1.952954123282280182e-04 7.289742573670302539e-01
1.371362725450901898e+01 1.086954238726380029e-01 4.190936432119062305e-01 6.376700977450879826e-01 9.239235843549874205e-03 1.634750143342653854e-04 3.374408770086383957e-01
1.391382765531062304e+01 1.032155164765449357e-01 7.059651953691711834e-02 9.162332187739874456e-01 5.322169527528106819e-02 1.368567908059798420e-04 3.272714865434579040e-02
1.411402805611222533e+01 9.827716589378469869e-02 4.809911602987692464e-02 8.895897862009100043e-01 1.231457107517054533e-01 1.146634615722109095e-04 9.051897077878590103e-02
1.431422845691382939e+01 9.375885539184601603e-02 4.589074965156351715e-01 5.870155774477275878e-01 2.091990366984880223e-01 9.609705235363597822e-05 5.417655795926076268e-01
1.451442885771543168e+01 8.914164554988315836e-02 8.806539601213498880e-01 2.468042169628524851e-01 3.179019411464941158e-01 8.048151924916588547e-05 9.239166214259152410e-01
1.471462925851703574e+01 8.435958065928969574e-02 8.613948508564965856e-01 3.339076317385032688e-02 4.502071955926963964e-01 6.736991118457315850e-05 8.308653762828474010e-01
1.491482965931863802e+01 7.987135814995528771e-02 4.926162170465842038e-01 2.900199413974237708e-02 5.811166756370286235e-01 5.643487298394260347e-05 4.250000999953510439e-01
1.511503006012024208e+01 7.590019261113392646e-02 1.194551721667780481e-01 2.836773995800536130e-01 6.855989931991419706e-01 4.732274005093435728e-05 7.618955801288072871e-02
1.531523046092184437e+01 7.209342062673464169e-02 8.562811087729271797e-03 6.694439234359986779e-01 7.711104071853466246e-01 3.967008619593654896e-05 2.686028744544651653e-02
1.551543086172344843e+01 6.808209138669948923e-02 3.035384658034869232e-01 8.972319875173755399e-01 8.553892055531726601e-01 3.321100565248000079e-05 3.679083317530266184e-01
1.571563126252505072e+01 6.402822740814105573e-02 8.049157774845373536e-01 8.368512904305293043e-01 9.260168847781816703e-01 2.779400743295249961e-05 8.546190521096507231e-01
1.591583166332665478e+01 6.034818674959271240e-02 9.782351178062095309e-01 5.923804950216176035e-01 9.490897911278260990e-01 2.329268431642546216e-05 9.668648035745990299e-01
1.611603206412825884e+01 5.709123619907573166e-02 6.291529114840853643e-01 2.935966063160401207e-01 9.167674824560797520e-01 1.954392261062184145e-05 5.745724381855119578e-01
1.631623246492986468e+01 5.388786216949668917e-02 1.667028709898949190e-01 5.123421880061791028e-02 8.579206457760683024e-01 1.638270475781180831e-05 1.253284156882637501e-01
1.651643286573146696e+01 5.048242229976159651e-02 9.522261337692419130e-04 2.563005420105282997e-02 7.954021144542898769e-01 1.370262014382201309e-05 8.116405289283789778e-03
1.671663326653306925e+01 4.707021771831419732e-02 1.947462146472644373e-01 2.905037592940419855e-01 7.185087381584455146e-01 1.145479171127441422e-05 2.410769467858695780e-01
1.691683366733467153e+01 4.400218539882583269e-02 6.025910987575670008e-01 6.564340907455574747e-01 6.069782845407016847e-01 9.595311692913255586e-06 6.480589766500448601e-01
1.711703406813627737e+01 4.131577394917638341e-02 9.271310634610787638e-01 8.554788929343313253e-01 4.685238774839137199e-01 8.053345275758914051e-06 9.315142948287599145e-01
1.731723446893787965e+01 3.870786895258043064e-02 8.228473820982068476e-01 8.157281676106652446e-01 3.348783207582670673e-01 6.750841334981452027e-06 7.821909009930017032e-01
1.751743486973948194e+01 3.593023997023141181e-02 3.343725250756358069e-01 6.132723271076037097e-01 2.264589057258520888e-01 5.637711846329582448e-06 2.897029488408382480e-01
1.771763527054108422e+01 3.308394444327820982e-02 5.137250368423627866e-03 3.273014923334703896e-01 1.399458758447943985e-01 4.697368662677679878e-06 6.514597203981445242e-04
1.791783567134269006e+01 3.046936715227256676e-02 1.865809585289130712e-01 6.707576627886624454e-02 6.759119484587571003e-02 3.921280482813926002e-06 2.235150795826865155e-01
1.811803607214429235e+01 2.822453667166047175e-02 6.024964746587766484e-01 1.785801025945100290e-02 1.610985810740609217e-02 3.286043127755379558e-06 6.443084059835434418e-01
1.831823647294589463e+01 2.618743791333042956e-02 8.152849607885731542e-01 2.760111769300785944e-01 2.292716203357935778e-04 2.755528975390348244e-06 8.285520654649384253e-01
1.851843687374749692e+01 2.409316525837601475e-02 6.980491249570450751e-01 6.633691706124967835e-01 2.205999438549860470e-02 2.299295399250512206e-06 6.784531958707510357e-01
1.871863727454910276e+01 2.185744784052056147e-02 3.769393477025014261e-01 8.823664081512931912e-01 6.992719548374495830e-02 1.904889514115244381e-06 3.452473186270422767e-01
1.891883767535070504e+01 1.964432312381484552e-02 6.848515088198399436e-02 8.209256173336404450e-01 1.366142371630696406e-01 1.572966212294697221e-06 5.222289658469567164e-02
1.911903807615230733e+01 1.767771341187318254e-02 3.524618914136951747e-02 5.804847968087131216e-01 2.276859273962364427e-01 1.303351475787145744e-06 4.790985748833585106e-02
1.931923847695391316e+01 1.602601366291410423e-02 4.183543237322496222e-01 2.997240970049214748e-01 3.503423955978096638e-01 1.086736872111501549e-06 4.468893935802028539e-01
1.951943887775551545e+01 1.456078102818681060e-02 9.490722031354462684e-01 7.493307397907117418e-02 4.960186404660026360e-01 9.073680429855277006e-07 9.651396108399686868e-01
1.971963927855711773e+01 1.308705868209790804e-02 1.071768205701681076e+00 3.585247058988607575e-03 6.361919371427359193e-01 7.513585495675872522e-07 1.061133595140740793e+00
1.991983967935872002e+01 1.151070541789343468e-02 6.097264036518049712e-01 1.847792361828003993e-01 7.410677584092252301e-01 6.126351735205099767e-07 5.867017168400845417e-01
2.012004008016032586e+01 9.902013992277318780e-03 8.183403513698662979e-02 5.950955496852964322e-01 8.030859960395507757e-01 4.923477608205689501e-07 7.123040759544999045e-02
2.032024048096192814e+01 8.417940872605497032e-03 7.785669385682834898e-02 9.930865673041501251e-01 8.388434213364006631e-01 3.935790889962453530e-07 8.830860798692412306e-02
2.052044088176353043e+01 7.173998893980290843e-03 5.280904100888677011e-01 1.070192366558402108e+00 8.700214984067885515e-01 3.165133253138843750e-07 5.476718270208480455e-01
2.072064128256513271e+01 6.175963904994913670e-03 8.647675219821689963e-01 7.523256018895321251e-01 9.039725177593855854e-01 2.572806151891177798e-07 8.777912086465369246e-01
2.092084168336673855e+01 5.337459843585845402e-03 7.435768431604955486e-01 2.906426318113604079e-01 9.272870054889625901e-01 2.098288253796869320e-07 7.452285057862171325e-01
2.112104208416834084e+01 4.544391235865676004e-03 3.461371450694995522e-01 1.858045334707227741e-02 9.137288795083243764e-01 1.686206382688595554e-07 3.420456217003179922e-01
2.132124248496994312e+01 3.721419343241289240e-03 4.851431067423542937e-02 6.055251775773349415e-02 8.418095201937418892e-01 1.305627643552327737e-07 4.592729639694165950e-02
2.152144288577154541e+01 2.867844673862765537e-03 1.723046308725305689e-02 2.869826574762823213e-01 7.109613580468072680e-01 9.543656709558385694e-08 1.902296638966672476e-02
2.172164328657315124e+01 2.046709311139623469e-03 1.530536466694073228e-01 4.883688853400965924e-01 5.441868638980836836e-01 6.485686610300078132e-08 1.578994390716381424e-01
2.192184368737475353e+01 1.339369142745293860e-03 2.820357617130805350e-01 5.464586282555333741e-01 3.756094565389347384e-01 4.057884177610034480e-08 2.873710521442857657e-01
2.212204408817635581e+01 7.996281409559808642e-04 3.144610897931588434e-01 4.703589642156265627e-01 2.335785649075277637e-01 2.325188696121503209e-08 3.186156170786433317e-01
2.232224448897795810e+01 4.347828418724061371e-04 2.620188212180138421e-01 3.330608349366198651e-01 1.310702921283996292e-01 1.217661385977879911e-08 2.645979094657546216e-01
2.252244488977956394e+01 2.153861600228077768e-04 1.772425846367351454e-01 2.011752314670923747e-01 6.655219803678134871e-02 5.827640963405029936e-09 1.785843534488358586e-01
2.272264529058116622e+01 9.736861054806035824e-05 1.015740402040846979e-01 1.060082281273887206e-01 3.068053014434892617e-02 2.552013407637235768e-09 1.021746174440105737e-01
2.292284569138276851e+01 4.025806619522887708e-05 5.059334012113868295e-02 4.948315478626172381e-02 1.288641798818527043e-02 1.024527152820541441e-09 5.082816544911011869e-02
2.312304609218437434e+01 1.526249224340612510e-05 2.227835890476511163e-02 2.068955877995794918e-02 4.948511433617881240e-03 3.779117780452600878e-10 2.235925972327517178e-02
2.332324649298597663e+01 5.319611213987677454e-06 8.778356804058208215e-03 7.814463987294503755e-03 1.743106943899686619e-03 1.283858116118819918e-10 8.803002811126165242e-03
2.352344689378757892e+01 1.709009242507553503e-06 3.123422577252932784e-03 2.684175300529591680e-03 5.649672371310525193e-04 4.026602291663391890e-11 3.130050607272539653e-03
2.372364729458918120e+01 5.073450999087699060e-07 1.010684732009056643e-03 8.430523447042510962e-04 1.689727736200175555e-04 1.168589368740009099e-11 1.012243466644833362e-03
2.392384769539078704e+01 1.395029936908406835e-07 2.991202320383965765e-04 2.432214801326113300e-04 4.675754131848957842e-05 3.145192212623110885e-12 2.994329305597689191e-04
2.412404809619238932e+01 3.560797603594949036e-08 8.135105357520159479e-05 6.470307037583134966e-05 1.200004825865438020e-05 7.866859399673355061e-13 8.140107283261788207e-05
2.432424849699399161e+01 8.454596419336538614e-09 2.041195400076292044e-05 1.592437550790093954e-05 2.862727912429364980e-06 1.832209247962485420e-13 2.041681729234930237e-05
2.452444889779559389e+01 1.870922418998793422e-09 4.741073017401984970e-06 3.636374273678679417e-06 6.361126153029720976e-07 3.980731947788161762e-14 4.740628029406111545e-06
2.472464929859719973e+01 3.865557815107071731e-10 1.022373206971180606e-06 7.724100220755292328e-07 1.319061024280618273e-07 8.081760977489019868e-15 1.021975669258481907e-06
2.492484969939880202e+01 7.469353278953258501e-11 2.052085818797622310e-07 1.529614256314244383e-07 2.556987653009065554e-08 1.535658673545860973e-15 2.050746851674063977e-07
2.512505010020040430e+01 1.351880110683153437e-11 3.842543683952578853e-08 2.829760528098831697e-08 4.641125307240330337e-09 2.735094288802617766e-16 3.839125857669895991e-08
2.532525050100200659e+01 2.295095581360510864e-12 6.726002373041132570e-09 4.899409604652477786e-09 7.899412326080035496e-10 4.572339896552281275e-17 6.718579892611785459e-09
2.552545090180361242e+01 3.659746407360278509e-13 1.102551057076259452e-09 7.952120481002596985e-10 1.262530793123889497e-10 7.183777437299236435e-18 1.101120135712812657e-09
2.572565130260521471e+01 5.488199059859641776e-14 1.695340671703591496e-10 1.211776916588806165e-10 1.897235819545804286e-11 1.062033216771138684e-18 1.692840270741095545e-10
2.592585170340681699e+01 7.748945824929510334e-15 2.448952167879346988e-11 1.736054080477776686e-11 2.683804327016413905e-12 1.479050937984665484e-19 2.444943704896999533e-11
2.612605210420842283e+01 1.031245108528437210e-15 3.327831753696897721e-12 2.341298993805665211e-12 3.577782033992084939e-13 1.942432471912386348e-20 3.321890064297801665e-12
2.632625250501002512e+01 1.294882727330207109e-16 4.259359483784653196e-13 2.975866306904675700e-13 4.499478314794718637e-14 2.407997772204775394e-21 4.251171571947545969e-13
2.652645290581162740e+01 1.535549003845072290e-17 5.140799845689278677e-14 3.568660481533123681e-14 5.343413381025609866e-15 2.820441755023959319e-22 5.130267613884943133e-14
2.672665330661322969e+01 1.721282161284540088e-18 5.857126746153494873e-15 4.041767504895276207e-15 5.997643415283334132e-16 3.123983568122782986e-23 5.844441190144881945e-15
2.692685370741483553e+01 1.825421228796389157e-19 6.305751382538053771e-16 4.327338471613800566e-16 6.368260534071367751e-17 3.274828569619147291e-24 6.291408706069921244e-16
2.712705410821643781e+01 1.832918644984848564e-20 6.420789531897197154e-17 4.383653230333868622e-17 6.401629294456959530e-18 3.251577223958211219e-25 6.405535584768900937e-17
2.732725450901804010e+01 1.743891144982300918e-21 6.188905591601679239e-18 4.205091602242210018e-18 6.097066067203318138e-19 3.060159428438354546e-26 6.173618471309186897e-18
2.752745490981964238e+01 1.573261084582557752e-22 5.651498614470838369e-19 3.822741364404380864e-19 5.505854187393304528e-20 2.731744681068427544e-27 5.637040397361169147e-19
2.772765531062124822e+01 1.346728723338856527e-23 4.892902929132643513e-20 3.295724390309978698e-20 4.717345853590653845e-21 2.314557190628747096e-28 4.879981182024577891e-20
2.792785571142285050e+01 1.094547793471301160e-24 4.019129534417751586e-21 2.696506923278663654e-21 3.837249776045455989e-22 1.862509233812043889e-29 4.008203779989816744e-21
2.812805611222445279e+01 8.451384770564044344e-26 3.134376621850471587e-22 2.095117742145654547e-22 2.965223442413503376e-23 1.424258924984819376e-30 3.125627622122838597e-22
2.832825651302605507e+01 6.203113051397289754e-27 2.322197433605249070e-23 1.546813279849700924e-23 2.178020937410459273e-24 1.035580969929846938e-31 2.315556161089550162e-23
2.852845691382766091e+01 4.330301625526456623e-28 1.635444993060782023e-24 1.085780953749583572e-24 1.521506393311177725e-25 7.163356518589217580e-33 1.630661969645015476e-24
2.872865731462926320e+01 2.876602423975107255e-29 1.095488678905817456e-25 7.250380567411088048e-26 1.011395234801878278e-26 4.716374352315955848e-34 1.092217885001381999e-25
2.892885771543086548e+01 1.819327233791078334e-30 6.983106289830491888e-27 4.608091444510922215e-27 6.400603829349926797e-28 2.957132043474310505e-35 6.961853415328869741e-27
2.912905811623247132e+01 1.096016923118160942e-31 4.238187694270920369e-28 2.788941867479617078e-28 3.858170544056199028e-29 1.766468431073383740e-36 4.225057017391330089e-28
2.932925851703407361e+01 6.292107227358331968e-33 2.450268338245532546e-29 1.608133290410383521e-29 2.216156739708385706e-30 1.005788735509457796e-37 2.442549849785178982e-29
2.952945891783567589e+01 3.443782460548980100e-34 1.350050958393404034e-30 8.838232132838882667e-31 1.213577452386862184e-31 5.460821674621410875e-39 1.345731732344835094e-30
2.972965931863727818e+01 1.797696111186776998e-35 7.092209024432515047e-32 4.631879214198454744e-32 6.338167309611224158e-33 2.828370566352270878e-40 7.069186920541029691e-32
2.992985971943888401e+01 8.953863440676791612e-37 3.553782667956834416e-33 2.315671155248105724e-33 3.158366974840201822e-34 1.398012541146676611e-41 3.542088425513950077e-33
3.013006012024048630e+01 4.256805277081363733e-38 1.699234039068451064e-34 1.104831383348027989e-34 1.502209390122909580e-35 6.596972586955976364e-43 1.693570381868374957e-34
3.033026052104208858e+01 1.932391129568446281e-39 7.755967607157019813e-36 5.032443699274993663e-36 6.822237994658601024e-37 2.972987045666644548e-44 7.729802785658317514e-36
3.053046092184369087e+01 8.379087075249863767e-41 3.380645257715405121e-37 2.189188662842835920e-37 2.959408423040268306e-38 1.279987682806926959e-45 3.369110136340065532e-37
3.073066132264529671e+01 3.471645059029357541e-42 1.407660026408246034e-38 9.098293341820878099e-39 1.226624718444536271e-39 5.266558348423170509e-47 1.402805038659767680e-38
3.093086172344689899e+01 1.374838793878108148e-43 5.601160513828209097e-40 3.613718147591350311e-40 4.859468054690294036e-41 2.071546842451727186e-48 5.581644780654968316e-40
3.113106212424850128e+01 5.205730489139338857e-45 2.130502084926404499e-41 1.372162879657898903e-41 1.840653540583279822e-42 7.791886006754830851e-50 2.123007053645644635e-41
3.133126252505010356e+01 1.885192004450765078e-46 7.749001350540792253e-43 4.982510379463363769e-43 6.667955459471483879e-44 2.803488085817697479e-51 7.721490280855176906e-43
3.153146292585170940e+01 6.531295226453657588e-48 2.695878158891379494e-44 1.730656899385391297e-44 2.310877248995435610e-45 9.651321925481616415e-53 2.686223573237570705e-44
3.173166332665331169e+01 2.165380192583192311e-49 8.973700037075780038e-46 5.751991856316722155e-46 7.663837644871639114e-47 3.179992652241807695e-54 8.941296515857619867e-46
3.193186372745491397e+01 6.871905039061719062e-51 2.858781588537783235e-47 1.829741989071006758e-47 2.432866767660747958e-48 1.003071156618889166e-55 2.848377178135767168e-47
3.213206412825651626e+01 2.088051716891176679e-52 8.718575492985279148e-49 5.572387025779663713e-49 7.394456532990319650e-50 3.029805810698098789e-57 8.686605821431691863e-49
3.233226452905812209e+01 6.076249172503913612e-54 2.546115195570929967e-50 1.625114579416518141e-50 2.152382784626645474e-51 8.765619464892722200e-59 2.536711948780192675e-50
3.253246492985972793e+01 1.693813397964549010e-55 7.121761398815055724e-52 4.539684019047582745e-52 6.001555068568915021e-53 2.429623342256520133e-60 7.095279134785103268e-52
3.273266533066132666e+01 4.524110145756700059e-57 1.908441270945228482e-53 1.214982906189338317e-53 1.603397962748147284e-54 6.453334025095189546e-62 1.901298214349909069e-53
3.293286573146293250e+01 1.158075892267293139e-58 4.900651230510573244e-55 3.116148348466851705e-55 4.105357413883582015e-56 1.642915678110639066e-63 4.882193658780713395e-55
3.313306613226453123e+01 2.841663022068576575e-60 1.206175874287865133e-56 7.660669130175746323e-57 1.007600589851269940e-57 4.009833282715500794e-65 1.201605705089977923e-56
3.333326653306613707e+01 6.685475028060019728e-62 2.846061916219628024e-58 1.805551895884029424e-58 2.371080456136689413e-59 9.384438396305314390e-67 2.835216176787610907e-58
3.353346693386774291e+01 1.508362257246206833e-63 6.439421824459558994e-60 4.080740759189901622e-60 5.350746174389564690e-61 2.106441379357540742e-68 6.414747029135083662e-60
3.373366733466934164e+01 3.264220802481192317e-65 1.397356682636167039e-61 8.845899653436883319e-62 1.158189341205518254e-62 4.535603415424325410e-70 1.391973856121913306e-61
3.393386773547094748e+01 6.777008730886057487e-67 2.908786268560876464e-63 1.839519806761083020e-63 2.405061914779337187e-64 9.370187505867414016e-72 2.897524117715128732e-63
3.413406813627255332e+01 1.350090396375781648e-68 5.809571358550819323e-65 3.670365084020301871e-65 4.792214386211072191e-66 1.857673715682558367e-73 5.786967890695975375e-65
3.433426853707415205e+01 2.581268402499179686e-70 1.113487093506808398e-66 7.028081455650806366e-67 9.164079988372932024e-68 3.534895728211665400e-75 1.109134407611860943e-66
3.453446893787575789e+01 4.737245757512739598e-72 2.048395212083870056e-68 1.291710051296848115e-68 1.682136425670153217e-69 6.457220247268114668e-77 2.040351600594245027e-68
3.473466933867735662e+01 8.346719222750850893e-74 3.617479800669443363e-70 2.279133414433296519e-70 2.964340618774473292e-71 1.132530863959652727e-78 3.603212667709437771e-70
3.493486973947896246e+01 1.412132392167167775e-75 6.133895687761577830e-72 3.861219187930352312e-72 5.016054475399330763e-73 1.907486609327350505e-80 6.109602077520770978e-72
3.513507014028056830e+01 2.294432550620760452e-77 9.987954379774753389e-74 6.282038719365411863e-74 8.151439217313488919e-75 3.085670208110630079e-82 9.948235899720162777e-74
3.533527054108216703e+01 3.580832757648432435e-79 1.562055829372423445e-75 9.816748124136009044e-76 1.272368636238323495e-76 4.794923801031766620e-84 1.555819750460947893e-75
3.553547094188377287e+01 5.368690390110362674e-81 2.346736792693521003e-77 1.473645721436889936e-77 1.907941451089471225e-78 7.158530796310600238e-86 2.337332631915445154e-77
3.573567134268537870e+01 7.733804188562664250e-83 3.387241454888691865e-79 2.125409374021099430e-79 2.748878638476363012e-80 1.026928228979385784e-87 3.373618010641292287e-79
3.593587174348697744e+01 1.070586235698890875e-84 4.697926149489668809e-81 2.945642577758339273e-81 3.805816042306428669e-82 1.415769697549742604e-89 4.678964364933861380e-81
3.613607214428858327e+01 1.424345410811423523e-86 6.261913350330049486e-83 3.923445635145952697e-83 5.064112171697799279e-84 1.876040198690395948e-91 6.236552605733594236e-83
3.633627254509018911e+01 1.821520544205877291e-88 8.022499147476817799e-85 5.023031503053715042e-85 6.477122719190934441e-86 2.389724183785822037e-93 7.989900576188202270e-85
3.653647294589178784e+01 2.239423731256012274e-90 9.880373954400539412e-87 6.182068257224954001e-87 7.964209111934520879e-88 2.926625249289368236e-95 9.840097574036283291e-87
3.673667334669339368e+01 2.647151517761872199e-92 1.169919395567931684e-88 7.315243037355797256e-89 9.415466612045680585e-90 3.446325341572266575e-97 1.165135546623831350e-88
3.693687374749499241e+01 3.008964641413549077e-94 1.332028919152985237e-90 8.323515004186740012e-91 1.070373160121313978e-91 3.902743133649841756e-99 1.326565834995757326e-90
3.713707414829659825e+01 3.289312869268127736e-96 1.458483064230230484e-92 9.107986556672054994e-93 1.170245183567405035e-93 4.250710766683580722e-101 1.452483931881048461e-92
3.733727454909820409e+01 3.458564039899098898e-98 1.535934324558430759e-94 9.585809748130202585e-95 1.230607578954924027e-95 4.453311541621432507e-103 1.529598774232874977e-94
3.753747494989980282e+01 3.498166138993035099e-100 1.555892505167786982e-96 9.704606518242595025e-97 1.244843832863069838e-97 4.488335549031939614e-105 1.549457048029211215e-96
3.773767535070140866e+01 3.403997301245099226e-102 1.516258011635172114e-98 9.451927580276894667e-99 1.211470851925066682e-99 4.352290052954395661e-107 1.509969815918876708e-98
3.793787575150301450e+01 3.187066616333452349e-104 1.421683297349450919e-100 8.857386033895042874e-101 1.134391392196195215e-101 4.060962663595502204e-109 1.415772100711705277e-100
3.813807615230461323e+01 2.871402462605060373e-106 1.282677010190909308e-102 7.986963875334471157e-103 1.022145249379328393e-103 3.646414663098031702e-111 1.277330414833219777e-102
3.833827655310621907e+01 2.489686724203613958e-108 1.113688593955236463e-104 6.931000238116259694e-105 8.863572614057038753e-106 3.151194001348485233e-113 1.109035086608998777e-104
3.853847695390782491e+01 2.077727931434882857e-110 9.306544254472379624e-107 5.788874580323782166e-107 7.397707848549895759e-108 2.621207063836428703e-115 9.267565127405032734e-107
3.873867735470942364e+01 1.669054727644068211e-112 7.485769750224592092e-109 4.653945814720134393e-109 5.943227419327479625e-110 2.098885090160126054e-117 7.454344500661643981e-109
3.893887775551102948e+01 1.290725745120639729e-114 5.796314158747243626e-111 3.601814597116113220e-111 4.596507126127513188e-112 1.618006214378820045e-119 5.771926759549898094e-111
3.913907815631262821e+01 9.609957254575840835e-117 4.320936527451081615e-113 2.683719565925251967e-113 3.422603359369271721e-114 1.200930789219453649e-121 4.302717025193901891e-113
3.933927855711423405e+01 6.889293218185881706e-119 3.101390778736670502e-115 1.925354008616620536e-115 2.453860848931101344e-116 8.583080616649285402e-124 3.088285842367537678e-115
3.953947895791583989e+01 4.755917760593920026e-121 2.143526729811404876e-117 1.330095240732110506e-117 1.694137960249667085e-118 5.907395731071701475e-126 2.134450555237633393e-117
3.973967935871743862e+01 3.161842911354703227e-123 1.426708954140381495e-119 8.848989299556154067e-120 1.126400838111502643e-120 3.915759091026207139e-128 1.420655803928559749e-119
3.993987975951904446e+01 2.024563945479048318e-125 9.145665704734180368e-122 5.669994134096747122e-122 7.213092589576454421e-123 2.500008057948998447e-130 9.106787071104280775e-122
4.014008016032065029e+01 1.248665455936295874e-127 5.646862831655804618e-124 3.499354458594190664e-124 4.449104061614487613e-125 1.537482172706277226e-132 5.622811960242533743e-124
4.034028056112224903e+01 7.418590653076724577e-130 3.358526909875568920e-126 2.080401714790226554e-126 2.643525394568494414e-127 9.108752471833972464e-135 3.344195813974665184e-126
4.054048096192385486e+01 4.246136649235329956e-132 1.924318703282933611e-128 1.191508571406470950e-128 1.513180860803085054e-129 5.199049630559910961e-137 1.916092595536258430e-128
4.074068136272545360e+01 2.341529023188828684e-134 1.062252744134954274e-130 6.574667963633060428e-131 8.345078403520410628e-132 2.859174393809242530e-139 1.057703778873931309e-130
4.094088176352705943e+01 1.244151237278187851e-136 5.649848167119258095e-133 3.495524905973035321e-133 4.434424746708745937e-134 1.515107983221523557e-141 5.625611654818738646e-133
4.114108216432866527e+01 6.370142840742235683e-139 2.895598719470757847e-135 1.790801326697538529e-135 2.270626908871546767e-136 7.736895235402170716e-144 2.883156376095795051e-135
4.134128256513026400e+01 3.143121321279127376e-141 1.430100561042395237e-137 8.841229142765234123e-138 1.120442392862702848e-138 3.807529503192753941e-146 1.423945344528896051e-137
4.154148296593186984e+01 1.494658696429031738e-143 6.806982087184268795e-140 4.206697023441188578e-140 5.328457471739916030e-141 1.805950507337412077e-148 6.777637540944616668e-140
4.174168336673347568e+01 6.850529076182428710e-146 3.122734237531389683e-142 1.929148324736562153e-142 2.442384265912510470e-143 8.256316675567788757e-151 3.109251207612973779e-142
4.194188376753507441e+01 3.026488466891988690e-148 1.380828472790854727e-144 8.527419078297597627e-145 1.079092461859532150e-145 3.638447104770092763e-153 1.374857348920263659e-144
4.214208416833668025e+01 1.288895701995358568e-150 5.885725536875945122e-147 3.633526797962892660e-147 4.595857279232853383e-148 1.545701737598349656e-155 5.860235824419951332e-147
4.234228456913828609e+01 5.291645956683950816e-153 2.418502269944997383e-149 1.492548540484959916e-149 1.886983253966626439e-150 6.330606439633113238e-158 2.408013001063347760e-149
4.254248496993988482e+01 2.094536128221809110e-155 9.580965394425476859e-152 5.910821762864374162e-152 7.469525854671948803e-153 2.499795200913313208e-160 9.539352544469049703e-152
4.274268537074149066e+01 7.993523425526827267e-158 3.659466699764946250e-154 2.256918908660087665e-154 2.850826356779951146e-155 9.517699291045537531e-163 3.643550418852251975e-154
4.294288577154308939e+01 2.941512232308224494e-160 1.347724099141929981e-156 8.309245005828131064e-157 1.049131543842524194e-157 3.494269147953341402e-165 1.341854384732235608e-156
4.314308617234469523e+01 1.043790222369306015e-162 4.786160033003732880e-159 2.949938564493057163e-159 3.723048882972373938e-160 1.237101715982880435e-167 4.765287153460517341e-159
4.334328657314630107e+01 3.571852934937466589e-165 1.639095617106709333e-161 1.009945460289270278e-161 1.274103714715421177e-162 4.223830498739955686e-170 1.631938040431724468e-161
4.354348697394789980e+01 1.178796397836812785e-167 5.413517146186088369e-164 3.334599202907464591e-164 4.205089048426003678e-165 1.390869551950670457e-172 5.389847291756235601e-164
4.374368737474950564e+01 3.752109661314841740e-170 1.724406670212009701e-166 1.061883459160964949e-166 1.338556182376805293e-167 4.417448542103879380e-175 1.716857516528969947e-166
4.394388777555111147e+01 1.151939992126478591e-172 5.297989852300479146e-169 3.261548144777446502e-169 4.109747464672086900e-170 1.353279908686414737e-177 5.274767794321501553e-169
4.414408817635271021e+01 3.411359138174009995e-175 1.570072185510145686e-171 9.662960559152975337e-172 1.217128550116802761e-172 3.999080909544467696e-180 1.563182029371610468e-171
4.434428857715431604e+01 9.745260766909432708e-178 4.488389498664607648e-174 2.761603855511876477e-174 3.477168514531063227e-175 1.140024274604006563e-182 4.468669402814681730e-174
4.454448897795591478e+01 2.685670011948024373e-180 1.237795124714762680e-176 7.613811909543778865e-177 9.583138045226004819e-178 3.135262028204171129e-185 1.232350527106577132e-176
4.474468937875752061e+01 7.140510932337440156e-183 3.293204936579340691e-179 2.025148542749142073e-179 2.548043092680185491e-180 8.318853434292641298e-188 3.278703062997420489e-179
4.494488977955912645e+01 1.831670035205703880e-185 8.453265707245215747e-182 5.196962155281314983e-182 6.536521344666470161e-183 2.129642065528900400e-190 8.416000090949828017e-182
4.514509018036072518e+01 4.533461679662833100e-188 2.093580401549312094e-184 1.286778179365086795e-184 1.617897273473960143e-185 5.260493506399365328e-193 2.084341034117115761e-184
4.534529058116233102e+01 1.082680831121569511e-190 5.003078368205369495e-187 3.074272820172414458e-187 3.864048704992517837e-188 1.253850916263022113e-195 4.980975463336417672e-187
4.554549098196393686e+01 2.495062175752393224e-193 1.153693054332356166e-189 7.087424209597998708e-190 8.905212281697776916e-191 2.883946996175126563e-198 1.148590910578268910e-189
4.574569138276553559e+01 5.548747612822781099e-196 2.567266424300612354e-192 1.576754515379211067e-192 1.980515542144509317e-193 6.401365759999123063e-201 2.555901281947687271e-192
4.594589178356714143e+01 1.190866592449988689e-198 5.513168814995101451e-195 3.385254462688460136e-195 4.250758236138069847e-196 1.371272189212146749e-203 5.488737988399870716e-195
4.614609218436874727e+01 2.466648653381799165e-201 1.142622968460878708e-197 7.014419082771295702e-198 8.805017724429507580e-199 2.835056037165306332e-206 1.137554644209561747e-197
4.634629258517034600e+01 4.931154981073361877e-204 2.285583931055140245e-200 1.402769984766353875e-200 1.760317026176503546e-201 5.657277994320824733e-209 2.275436057347502007e-200
4.654649298597195184e+01 9.514982022791950378e-207 4.412704680308952686e-203 2.707674402226959536e-203 3.396793633977842865e-204 1.089637089375148514e-211 4.393094062954715580e-203
4.674669338677355057e+01 1.772171273535276433e-209 8.223308225706352186e-206 5.044778950591575796e-206 6.326820341624724909e-207 2.025839199597937034e-214 8.186729060523150126e-206
4.694689378757515641e+01 3.186118437947955935e-212 1.479253144925981887e-208 9.072850187165736138e-209 1.137522559785863962e-209 3.635772643428367648e-217 1.472667125004469797e-208
4.714709418837676225e+01 5.529634368476430958e-215 2.568694993291095367e-211 1.575146935076794554e-211 1.974297034459956496e-212 6.299074034974132772e-220 2.557248325156148323e-211
4.734729458917836098e+01 9.264642044751139352e-218 4.306021919590928886e-214 2.639937552280294013e-214 3.307976275043646948e-215 1.053572029668955731e-222 4.286816593363817333e-214
4.754749498997996682e+01 1.498572433067925396e-220 6.968717006694543905e-217 4.271502665813910516e-217 5.350924739893856053e-218 1.701289582217415796e-225 6.937609138492904399e-217
4.774769539078157266e+01 2.340251496226944609e-223 1.088832918223851920e-219 6.672691486109374149e-220 8.356620905869685303e-221 2.652390149111613250e-228 1.083968354685806152e-219
4.794789579158317139e+01 3.528592865392736073e-226 1.642555678883135917e-222 1.006406266632194225e-222 1.260046286269582041e-223 3.992639414789607436e-231 1.635211193462701875e-222
4.814809619238477723e+01 5.137041053815416615e-229 2.392476763643198290e-225 1.465601273809095807e-225 1.834486328018615537e-226 5.803157657173012387e-234 2.381770418962385521e-225
4.834829659318638306e+01 7.221292489435091453e-232 3.364822535956226065e-228 2.060850807852654191e-228 2.578888702784594573e-229 8.144567708731529310e-237 3.349752939550951830e-228
4.854849699398798180e+01 9.802230683915579898e-235 4.569631293228163800e-231 2.798228721749356845e-231 3.500729343800204417e-232 1.103795479837175414e-239 4.549149853485880374e-231
4.874869739478958763e+01 1.284873522906977550e-237 5.992695235587805161e-234 3.668962302184307263e-234 4.588911537413442607e-235 1.444585771478896435e-242 5.965814853973900936e-234
4.894889779559118637e+01 1.626441488718544123e-240 7.589313000607264180e-237 4.645621739201402684e-237 5.809024170787556553e-238 1.825783095508040299e-245 7.555245222091759031e-237
4.914909819639279220e+01 1.988272814468912243e-243 9.281943431411447512e-240 5.680700684716974817e-240 7.101594931408809747e-241 2.228552534653120127e-248 9.240246632256372401e-240
4.934929859719439804e+01 2.347413381501203769e-246 1.096347498074794089e-242 6.708633788408984449e-243 8.384640309141770198e-244 2.627125871208499012e-251 1.091418837003299490e-242
4.954949899799599677e+01 2.676674748553582027e-249 1.250681793478764709e-245 7.651679618928798299e-246 9.561040580518365735e-247 2.991158398515035089e-254 1.245055283646772253e-245
4.974969939879760261e+01 2.947882431168292287e-252 1.378005299610511043e-248 8.429195633250871082e-249 1.053014092726457756e-249 3.289382974804613332e-257 1.371801619339590949e-248
4.994989979959920845e+01 3.135805459967101060e-255 1.466480671980444452e-251 8.968876832656507866e-252 1.120178861473922657e-252 3.493990335955753195e-260 1.459874102819265771e-251
5.015010020040080718e+01 3.222018948164434591e-258 1.507436023696330524e-254 9.217820064814161724e-255 1.151013357922046593e-255 3.584897056374118348e-263 1.500640316871743580e-254
5.035030060120241302e+01 3.197882412156469176e-261 1.496766270293857927e-257 9.151074034485294023e-258 1.142427261621765136e-258 3.552995682654500997e-266 1.490014138173865507e-257
5.055050100200401175e+01 3.065967052186142996e-264 1.435611309657257598e-260 8.775761190869107939e-261 1.095335418235340909e-261 3.401658551667793248e-269 1.429130784167765457e-260
5.075070140280561759e+01 2.839605557439336554e-267 1.330155909999672899e-263 8.129828695579299669e-264 1.014497627194697072e-264 3.146151498133648953e-272 1.324147526729165915e-263
5.095090180360722343e+01 2.540673297030838943e-270 1.190599811947794266e-266 7.275730933906447034e-267 9.077264845682132755e-268 2.811098293766709073e-275 1.185218377638446455e-266
5.115110220440882216e+01 2.196111659986549135e-273 1.029535270443398842e-269 6.290498380839420433e-270 7.846456419027687231e-271 2.426578354430473302e-278 1.024878914765855650e-269
5.135130260521042800e+01 1.833956836465352973e-276 8.600885625045418114e-273 5.254374363877951709e-273 6.552711209765628715e-274 2.023711917731095709e-281 8.561961720102829756e-273
5.155150300601203384e+01 1.479677273358998051e-279 6.942018973272768850e-276 4.240320061489651803e-276 5.287026639038236857e-277 1.630621384607382704e-284 6.910583278109608223e-276
5.175170340681363257e+01 1.153458572401379387e-282 5.413561275935972959e-279 3.306220918417842319e-279 4.121533983979416575e-280 1.269467087129112287e-287 5.389032256152879820e-279
5.195190380761523841e+01 8.687759878003264833e-286 4.078953099791756209e-282 2.490774678210936282e-282 3.104394446510832258e-283 9.549205169164166367e-291 4.060460344310833390e-282
5.215210420841684424e+01 6.322632513138497641e-289 2.969588852019003745e-285 1.813092244292982487e-285 2.259326799108976033e-286 6.940709670707018532e-294 2.956117815211303342e-285
5.235230460921844298e+01 4.446166470766492856e-292 2.089003977245073340e-288 1.275268398238042163e-288 1.588834569901078699e-289 4.874663350028578195e-297 2.079522154337990229e-288
5.255250501002004881e+01 3.021233449887827962e-295 1.420007786102717694e-291 8.667477088348401417e-292 1.079664745950084446e-292 3.308281922608176033e-300 1.413558860771958262e-291
5.275270541082164755e+01 1.983839769844986144e-298 9.327466619814565863e-295 5.692541409457376896e-295 7.089616346156359300e-296 2.169653528232827346e-303 9.285082747364401441e-295
5.295290581162325338e+01 1.258825179073592363e-301 5.920672288715904766e-298 3.612891272387546747e-298 4.498760799933811085e-299 1.375057739211670356e-306 5.893754176500932573e-298
5.315310621242485922e+01 7.719219207012775635e-305 3.631828499122044832e-301 2.215906403439319461e-301 2.758748003297763330e-302 8.421833736452929043e-310 3.615307665070160378e-301
5.335330661322645796e+01 4.574492104875832596e-308 2.152975580781464318e-304 1.313433888500129250e-304 1.634905133274300134e-305 4.984939258547063871e-313 2.143176726659343627e-304
5.355350701402806379e+01 2.619909014733023454e-311 1.233458787176356072e-307 7.523806111582082495e-308 9.363683916149759982e-309 2.850962430363208322e-316 1.227842013205092493e-307
5.375370741482966963e+01 1.450163294646475211e-314 6.829581432691350065e-311 4.165351610011194989e-311 5.183065529686514542e-312 1.428986067466637380e-319 6.798465767191135374e-311
5.395390781563126836e+01 7.774266216349308334e-318 3.654766948057891970e-314 2.228751350979680272e-314 2.772820123439450712e-315 0.000000000000000000e+00 3.638109870160240786e-314
5.415410821643287420e+01 0.000000000000000000e+00 1.885496795436199092e-317 1.145801967174164257e-317 1.450379109931563355e-318 0.000000000000000000e+00 1.885496795436199092e-317
5.435430861723447293e+01 0.000000000000000000e+00 0.000000000000000000e+00 0.000000000000000000e+00 0.000000000000000000e+00 0.000000000000000000e+00 0.000000000000000000e+00
5.455450901803607877e+01 0.000000000000000000e+00 0.000000000000000000e+00 0.000000000000000000e+00 0.000000000000000000e+00 0.000000000000000000e+00 0.000000000000000000e+00
5.475470941883768461e+01 0.000000000000000000e+00 0.000000000000000000e+00 0.000000000000000000e+00 0.000000000000000000e+00 0.000000000000000000e+00 0.000000000000000000e+00
5.495490981963928334e+01 0.000000000000000000e+00 0.000000000000000000e+00 0.000000000000000000e+00 0.000000000000000000e+00 0.000000000000000000e+00 0.000000000000000000e+00
5.515511022044088918e+01 0.000000000000000000e+00 0.000000000000000000e+00 0.000000000000000000e+00 0.000000000000000000e+00 0.000000000000000000e+00 0.000000000000000000e+00
5.535531062124249502e+01 0.000000000000000000e+00 0.000000000000000000e+00 0.000000000000000000e+00 0.000000000000000000e+00 0.000000000000000000e+00 0.000000000000000000e+00
5.555551102204409375e+01 0.000000000000000000e+00 0.000000000000000000e+00 0.000000000000000000e+00 0.000000000000000000e+00 0.000000000000000000e+00 0.000000000000000000e+00
5.575571142284569959e+01 0.000000000000000000e+00 0.000000000000000000e+00 0.000000000000000000e+00 0.000000000000000000e+00 0.000000000000000000e+00 0.000000000000000000e+00
5.595591182364730543e+01 0.000000000000000000e+00 0.000000000000000000e+00 0.000000000000000000e+00 0.000000000000000000e+00 0.000000000000000000e+00 0.000000000000000000e+00
5.615611222444890416e+01 0.000000000000000000e+00 0.000000000000000000e+00 0.000000000000000000e+00 0.000000000000000000e+00 0.000000000000000000e+00 0.000000000000000000e+00
5.635631262525051000e+01 0.000000000000000000e+00 0.000000000000000000e+00 0.000000000000000000e+00 0.000000000000000000e+00 0.000000000000000000e+00 0.000000000000000000e+00
5.655651302605210873e+01 0.000000000000000000e+00 0.000000000000000000e+00 0.000000000000000000e+00 0.000000000000000000e+00 0.000000000000000000e+00 0.000000000000000000e+00
5.675671342685371457e+01 0.000000000000000000e+00 0.000000000000000000e+00 0.000000000000000000e+00 0.000000000000000000e+00 0.000000000000000000e+00 0.000000000000000000e+00
5.695691382765532040e+01 0.000000000000000000e+00 0.000000000000000000e+00 0.000000000000000000e+00 0.000000000000000000e+00 0.000000000000000000e+00 0.000000000000000000e+00
5.715711422845691914e+01 0.000000000000000000e+00 0.000000000000000000e+00 0.000000000000000000e+00 0.000000000000000000e+00 0.000000000000000000e+00 0.000000000000000000e+00
5.735731462925852497e+01 0.000000000000000000e+00 0.000000000000000000e+00 0.000000000000000000e+00 0.000000000000000000e+00 0.000000000000000000e+00 0.000000000000000000e+00
5.755751503006013081e+01 0.000000000000000000e+00 0.000000000000000000e+00 0.000000000000000000e+00 0.000000000000000000e+00 0.000000000000000000e+00 0.000000000000000000e+00
5.775771543086172954e+01 0.000000000000000000e+00 0.000000000000000000e+00 0.000000000000000000e+00 0.000000000000000000e+00 0.000000000000000000e+00 0.000000000000000000e+00
5.795791583166333538e+01 0.000000000000000000e+00 0.000000000000000000e+00 0.000000000000000000e+00 0.000000000000000000e+00 0.000000000000000000e+00 0.000000000000000000e+00
5.815811623246494122e+01 0.000000000000000000e+00 0.000000000000000000e+00 0.000000000000000000e+00 0.000000000000000000e+00 0.000000000000000000e+00 0.000000000000000000e+00
5.835831663326653995e+01 0.000000000000000000e+00 0.000000000000000000e+00 0.000000000000000000e+00 0.000000000000000000e+00 0.000000000000000000e+00 0.000000000000000000e+00
5.855851703406814579e+01 0.000000000000000000e+00 0.000000000000000000e+00 0.000000000000000000e+00 0.000000000000000000e+00 0.000000000000000000e+00 0.000000000000000000e+00
5.875871743486974452e+01 0.000000000000000000e+00 0.000000000000000000e+00 0.000000000000000000e+00 0.000000000000000000e+00 0.000000000000000000e+00 0.000000000000000000e+00
5.895891783567135036e+01 0.000000000000000000e+00 0.000000000000000000e+00 0.000000000000000000e+00 0.000000000000000000e+00 0.000000000000000000e+00 0.000000000000000000e+00
5.915911823647295620e+01 0.000000000000000000e+00 0.000000000000000000e+00 0.000000000000000000e+00 0.000000000000000000e+00 0.000000000000000000e+00 0.000000000000000000e+00
5.935931863727455493e+01 0.000000000000000000e+00 0.000000000000000000e+00 0.000000000000000000e+00 0.000000000000000000e+00 0.000000000000000000e+00 0.000000000000000000e+00
5.955951903807616077e+01 0.000000000000000000e+00 0.000000000000000000e+00 0.000000000000000000e+00 0.000000000000000000e+00 0.000000000000000000e+00 0.000000000000000000e+00
5.975971943887776661e+01 0.000000000000000000e+00 0.000000000000000000e+00 0.000000000000000000e+00 0.000000000000000000e+00 0.000000000000000000e+00 0.000000000000000000e+00
5.995991983967936534e+01 0.000000000000000000e+00 0.000000000000000000e+00 0.000000000000000000e+00 0.000000000000000000e+00 0.000000000000000000e+00 0.000000000000000000e+00
6.016012024048097118e+01 0.000000000000000000e+00 0.000000000000000000e+00 0.000000000000000000e+00 0.000000000000000000e+00 0.000000000000000000e+00 0.000000000000000000e+00
6.036032064128256991e+01 0.000000000000000000e+00 0.000000000000000000e+00 0.000000000000000000e+00 0.000000000000000000e+00 0.000000000000000000e+00 0.000000000000000000e+00
6.056052104208417575e+01 0.000000000000000000e+00 0.000000000000000000e+00 0.000000000000000000e+00 0.000000000000000000e+00 0.000000000000000000e+00 0.000000000000000000e+00
6.076072144288578158e+01 0.000000000000000000e+00 0.000000000000000000e+00 0.000000000000000000e+00 0.000000000000000000e+00 0.000000000000000000e+00 0.000000000000000000e+00
6.096092184368738032e+01 0.000000000000000000e+00 0.000000000000000000e+00 0.000000000000000000e+00 0.000000000000000000e+00 0.000000000000000000e+00 0.000000000000000000e+00
6.116112224448898615e+01 0.000000000000000000e+00 0.000000000000000000e+00 0.000000000000000000e+00 0.000000000000000000e+00 0.000000000000000000e+00 0.000000000000000000e+00
6.136132264529059199e+01 0.000000000000000000e+00 0.000000000000000000e+00 0.000000000000000000e+00 0.000000000000000000e+00 0.000000000000000000e+00 0.000000000000000000e+00
6.156152304609219073e+01 0.000000000000000000e+00 0.000000000000000000e+00 0.000000000000000000e+00 0.000000000000000000e+00 0.000000000000000000e+00 0.000000000000000000e+00
6.176172344689379656e+01 0.000000000000000000e+00 0.000000000000000000e+00 0.000000000000000000e+00 0.000000000000000000e+00 0.000000000000000000e+00 0.000000000000000000e+00
6.196192384769540240e+01 0.000000000000000000e+00 0.000000000000000000e+00 0.000000000000000000e+00 0.000000000000000000e+00 0.000000000000000000e+00 0.000000000000000000e+00
6.216212424849700113e+01 0.000000000000000000e+00 0.000000000000000000e+00 0.000000000000000000e+00 0.000000000000000000e+00 0.000000000000000000e+00 0.000000000000000000e+00
6.236232464929860697e+01 0.000000000000000000e+00 0.000000000000000000e+00 0.000000000000000000e+00 0.000000000000000000e+00 0.000000000000000000e+00 0.000000000000000000e+00
6.256252505010020570e+01 0.000000000000000000e+00 0.000000000000000000e+00 0.000000000000000000e+00 0.000000000000000000e+00 0.000000000000000000e+00 0.000000000000000000e+00
6.276272545090181154e+01 0.000000000000000000e+00 0.000000000000000000e+00 0.000000000000000000e+00 0.000000000000000000e+00 0.000000000000000000e+00 0.000000000000000000e+00
6.296292585170341738e+01 0.000000000000000000e+00 0.000000000000000000e+00 0.000000000000000000e+00 0.000000000000000000e+00 0.000000000000000000e+00 0.000000000000000000e+00
6.316312625250501611e+01 0.000000000000000000e+00 0.000000000000000000e+00 0.000000000000000000e+00 0.000000000000000000e+00 0.000000000000000000e+00 0.000000000000000000e+00
6.336332665330662195e+01 0.000000000000000000e+00 0.000000000000000000e+00 0.000000000000000000e+00 0.000000000000000000e+00 0.000000000000000000e+00 0.000000000000000000e+00
6.356352705410822779e+01 0.000000000000000000e+00 0.000000000000000000e+00 0.000000000000000000e+00 0.000000000000000000e+00 0.000000000000000000e+00 0.000000000000000000e+00
6.376372745490982652e+01 0.000000000000000000e+00 0.000000000000000000e+00 0.000000000000000000e+00 0.000000000000000000e+00 0.000000000000000000e+00 0.000000000000000000e+00
6.396392785571143236e+01 0.000000000000000000e+00 0.000000000000000000e+00 0.000000000000000000e+00 0.000000000000000000e+00 0.000000000000000000e+00 0.000000000000000000e+00
6.416412825651302398e+01 0.000000000000000000e+00 0.000000000000000000e+00 0.000000000000000000e+00 0.000000000000000000e+00 0.000000000000000000e+00 0.000000000000000000e+00
6.436432865731462982e+01 0.000000000000000000e+00 0.000000000000000000e+00 0.000000000000000000e+00 0.000000000000000000e+00 0.000000000000000000e+00 0.000000000000000000e+00
6.456452905811623566e+01 0.000000000000000000e+00 0.000000000000000000e+00 0.000000000000000000e+00 0.000000000000000000e+00 0.000000000000000000e+00 0.000000000000000000e+00
6.476472945891784150e+01 0.000000000000000000e+00 0.000000000000000000e+00 0.000000000000000000e+00 0.000000000000000000e+00 0.000000000000000000e+00 0.000000000000000000e+00
6.496492985971944734e+01 0.000000000000000000e+00 0.000000000000000000e+00 0.000000000000000000e+00 0.000000000000000000e+00 0.000000000000000000e+00 0.000000000000000000e+00
6.516513026052103896e+01 0.000000000000000000e+00 0.000000000000000000e+00 0.000000000000000000e+00 0.000000000000000000e+00 0.000000000000000000e+00 0.000000000000000000e+00
6.536533066132264480e+01 0.000000000000000000e+00 0.000000000000000000e+00 0.000000000000000000e+00 0.000000000000000000e+00 0.000000000000000000e+00 0.000000000000000000e+00
6.556553106212425064e+01 0.000000000000000000e+00 0.000000000000000000e+00 0.000000000000000000e+00 0.000000000000000000e+00 0.000000000000000000e+00 0.000000000000000000e+00
6.576573146292585648e+01 0.000000000000000000e+00 0.000000000000000000e+00 0.000000000000000000e+00 0.000000000000000000e+00 0.000000000000000000e+00 0.000000000000000000e+00
6.596593186372746231e+01 0.000000000000000000e+00 0.000000000000000000e+00 0.000000000000000000e+00 0.000000000000000000e+00 0.000000000000000000e+00 0.000000000000000000e+00
6.616613226452905394e+01 0.000000000000000000e+00 0.000000000000000000e+00 0.000000000000000000e+00 0.000000000000000000e+00 0.000000000000000000e+00 0.000000000000000000e+00
6.636633266533065978e+01 0.000000000000000000e+00 0.000000000000000000e+00 0.000000000000000000e+00 0.000000000000000000e+00 0.000000000000000000e+00 0.000000000000000000e+00
6.656653306613226562e+01 0.000000000000000000e+00 0.000000000000000000e+00 0.000000000000000000e+00 0.000000000000000000e+00 0.000000000000000000e+00 0.000000000000000000e+00
6.676673346693387145e+01 0.000000000000000000e+00 0.000000000000000000e+00 0.000000000000000000e+00 0.000000000000000000e+00 0.000000000000000000e+00 0.000000000000000000e+00
6.696693386773547729e+01 0.000000000000000000e+00 0.000000000000000000e+00 0.000000000000000000e+00 0.000000000000000000e+00 0.000000000000000000e+00 0.000000000000000000e+00
6.716713426853706892e+01 0.000000000000000000e+00 0.000000000000000000e+00 0.000000000000000000e+00 0.000000000000000000e+00 0.000000000000000000e+00 0.000000000000000000e+00
6.736733466933867476e+01 0.000000000000000000e+00 0.000000000000000000e+00 0.000000000000000000e+00 0.000000000000000000e+00 0.000000000000000000e+00 0.000000000000000000e+00
6.756753507014028060e+01 0.000000000000000000e+00 0.000000000000000000e+00 0.000000000000000000e+00 0.000000000000000000e+00 0.000000000000000000e+00 0.000000000000000000e+00
6.776773547094188643e+01 0.000000000000000000e+00 0.000000000000000000e+00 0.000000000000000000e+00 0.000000000000000000e+00 0.000000000000000000e+00 0.000000000000000000e+00
6.796793587174349227e+01 0.000000000000000000e+00 0.000000000000000000e+00 0.000000000000000000e+00 0.000000000000000000e+00 0.000000000000000000e+00 0.000000000000000000e+00
6.816813627254509811e+01 0.000000000000000000e+00 0.000000000000000000e+00 0.000000000000000000e+00 0.000000000000000000e+00 0.000000000000000000e+00 0.000000000000000000e+00
6.836833667334668974e+01 0.000000000000000000e+00 0.000000000000000000e+00 0.000000000000000000e+00 0.000000000000000000e+00 0.000000000000000000e+00 0.000000000000000000e+00
6.856853707414829557e+01 0.000000000000000000e+00 0.000000000000000000e+00 0.000000000000000000e+00 0.000000000000000000e+00 0.000000000000000000e+00 0.000000000000000000e+00
6.876873747494990141e+01 0.000000000000000000e+00 0.000000000000000000e+00 0.000000000000000000e+00 0.000000000000000000e+00 0.000000000000000000e+00 0.000000000000000000e+00
6.896893787575150725e+01 0.000000000000000000e+00 0.000000000000000000e+00 0.000000000000000000e+00 0.000000000000000000e+00 0.000000000000000000e+00 0.000000000000000000e+00
6.916913827655311309e+01 0.000000000000000000e+00 0.000000000000000000e+00 0.000000000000000000e+00 0.000000000000000000e+00 0.000000000000000000e+00 0.000000000000000000e+00
6.936933867735470471e+01 0.000000000000000000e+00 0.000000000000000000e+00 0.000000000000000000e+00 0.000000000000000000e+00 0.000000000000000000e+00 0.000000000000000000e+00
6.956953907815631055e+01 0.000000000000000000e+00 0.000000000000000000e+00 0.000000000000000000e+00 0.000000000000000000e+00 0.000000000000000000e+00 0.000000000000000000e+00
6.976973947895791639e+01 0.000000000000000000e+00 0.000000000000000000e+00 0.000000000000000000e+00 0.000000000000000000e+00 0.000000000000000000e+00 0.000000000000000000e+00
6.996993987975952223e+01 0.000000000000000000e+00 0.000000000000000000e+00 0.000000000000000000e+00 0.000000000000000000e+00 0.000000000000000000e+00 0.000000000000000000e+00
7.017014028056112807e+01 0.000000000000000000e+00 0.000000000000000000e+00 0.000000000000000000e+00 0.000000000000000000e+00 0.000000000000000000e+00 0.000000000000000000e+00
7.037034068136273390e+01 0.000000000000000000e+00 0.000000000000000000e+00 0.000000000000000000e+00 0.000000000000000000e+00 0.000000000000000000e+00 0.000000000000000000e+00
7.057054108216432553e+01 0.000000000000000000e+00 0.000000000000000000e+00 0.000000000000000000e+00 0.000000000000000000e+00 0.000000000000000000e+00 0.000000000000000000e+00
7.077074148296593137e+01 0.000000000000000000e+00 0.000000000000000000e+00 0.000000000000000000e+00 0.000000000000000000e+00 0.000000000000000000e+00 0.000000000000000000e+00
7.097094188376753721e+01 0.000000000000000000e+00 0.000000000000000000e+00 0.000000000000000000e+00 0.000000000000000000e+00 0.000000000000000000e+00 0.000000000000000000e+00
7.117114228456914304e+01 0.000000000000000000e+00 0.000000000000000000e+00 0.000000000000000000e+00 0.000000000000000000e+00 0.000000000000000000e+00 0.000000000000000000e+00
7.137134268537074888e+01 0.000000000000000000e+00 0.000000000000000000e+00 0.000000000000000000e+00 0.000000000000000000e+00 0.000000000000000000e+00 0.000000000000000000e+00
7.157154308617234051e+01 0.000000000000000000e+00 0.000000000000000000e+00 0.000000000000000000e+00 0.000000000000000000e+00 0.000000000000000000e+00 0.000000000000000000e+00
7.177174348697394635e+01 0.000000000000000000e+00 0.000000000000000000e+00 0.000000000000000000e+00 0.000000000000000000e+00 0.000000000000000000e+00 0.000000000000000000e+00
7.197194388777555218e+01 0.000000000000000000e+00 0.000000000000000000e+00 0.000000000000000000e+00 0.000000000000000000e+00 0.000000000000000000e+00 0.000000000000000000e+00
7.217214428857715802e+01 0.000000000000000000e+00 0.000000000000000000e+00 0.000000000000000000e+00 0.000000000000000000e+00 0.000000000000000000e+00 0.000000000000000000e+00
7.237234468937876386e+01 0.000000000000000000e+00 0.000000000000000000e+00 0.000000000000000000e+00 0.000000000000000000e+00 0.000000000000000000e+00 0.000000000000000000e+00
7.257254509018036970e+01 0.000000000000000000e+00 0.000000000000000000e+00 0.000000000000000000e+00 0.000000000000000000e+00 0.000000000000000000e+00 0.000000000000000000e+00
7.277274549098196132e+01 0.000000000000000000e+00 0.000000000000000000e+00 0.000000000000000000e+00 0.000000000000000000e+00 0.000000000000000000e+00 0.000000000000000000e+00
7.297294589178356716e+01 0.000000000000000000e+00 0.000000000000000000e+00 0.000000000000000000e+00 0.000000000000000000e+00 0.000000000000000000e+00 0.000000000000000000e+00
7.317314629258517300e+01 0.000000000000000000e+00 0.000000000000000000e+00 0.000000000000000000e+00 0.000000000000000000e+00 0.000000000000000000e+00 0.000000000000000000e+00
7.337334669338677884e+01 0.000000000000000000e+00 0.000000000000000000e+00 0.000000000000000000e+00 0.000000000000000000e+00 0.000000000000000000e+00 0.000000000000000000e+00
7.357354709418838468e+01 0.000000000000000000e+00 0.000000000000000000e+00 0.000000000000000000e+00 0.000000000000000000e+00 0.000000000000000000e+00 0.000000000000000000e+00
7.377374749498997630e+01 0.000000000000000000e+00 0.000000000000000000e+00 0.000000000000000000e+00 0.000000000000000000e+00 0.000000000000000000e+00 0.000000000000000000e+00
7.397394789579158214e+01 0.000000000000000000e+00 0.000000000000000000e+00 0.000000000000000000e+00 0.000000000000000000e+00 0.000000000000000000e+00 0.000000000000000000e+00
7.417414829659318798e+01 0.000000000000000000e+00 0.000000000000000000e+00 0.000000000000000000e+00 0.000000000000000000e+00 0.000000000000000000e+00 0.000000000000000000e+00
7.437434869739479382e+01 0.000000000000000000e+00 0.000000000000000000e+00 0.000000000000000000e+00 0.000000000000000000e+00 0.000000000000000000e+00 0.000000000000000000e+00
7.457454909819639965e+01 0.000000000000000000e+00 0.000000000000000000e+00 0.000000000000000000e+00 0.000000000000000000e+00 0.000000000000000000e+00 0.000000000000000000e+00
7.477474949899800549e+01 0.000000000000000000e+00 0.000000000000000000e+00 0.000000000000000000e+00 0.000000000000000000e+00 0.000000000000000000e+00 0.000000000000000000e+00
7.497494989979959712e+01 0.000000000000000000e+00 0.000000000000000000e+00 0.000000000000000000e+00 0.000000000000000000e+00 0.000000000000000000e+00 0.000000000000000000e+00
7.517515030060120296e+01 0.000000000000000000e+00 0.000000000000000000e+00 0.000000000000000000e+00 0.000000000000000000e+00 0.000000000000000000e+00 0.000000000000000000e+00
7.537535070140280880e+01 0.000000000000000000e+00 0.000000000000000000e+00 0.000000000000000000e+00 0.000000000000000000e+00 0.000000000000000000e+00 0.000000000000000000e+00
7.557555110220441463e+01 0.000000000000000000e+00 0.000000000000000000e+00 0.000000000000000000e+00 0.000000000000000000e+00 0.000000000000000000e+00 0.000000000000000000e+00
7.577575150300602047e+01 0.000000000000000000e+00 0.000000000000000000e+00 0.000000000000000000e+00 0.000000000000000000e+00 0.000000000000000000e+00 0.000000000000000000e+00
7.597595190380761210e+01 0.000000000000000000e+00 0.000000000000000000e+00 0.000000000000000000e+00 0.000000000000000000e+00 0.000000000000000000e+00 0.000000000000000000e+00
7.617615230460921794e+01 0.000000000000000000e+00 0.000000000000000000e+00 0.000000000000000000e+00 0.000000000000000000e+00 0.000000000000000000e+00 0.000000000000000000e+00
7.637635270541082377e+01 0.000000000000000000e+00 0.000000000000000000e+00 0.000000000000000000e+00 0.000000000000000000e+00 0.000000000000000000e+00 0.000000000000000000e+00
7.657655310621242961e+01 0.000000000000000000e+00 0.000000000000000000e+00 0.000000000000000000e+00 0.000000000000000000e+00 0.000000000000000000e+00 0.000000000000000000e+00
7.677675350701403545e+01 0.000000000000000000e+00 0.000000000000000000e+00 0.000000000000000000e+00 0.000000000000000000e+00 0.000000000000000000e+00 0.000000000000000000e+00
7.697695390781564129e+01 0.000000000000000000e+00 0.000000000000000000e+00 0.000000000000000000e+00 0.000000000000000000e+00 0.000000000000000000e+00 0.000000000000000000e+00
7.717715430861723291e+01 0.000000000000000000e+00 0.000000000000000000e+00 0.000000000000000000e+00 0.000000000000000000e+00 0.000000000000000000e+00 0.000000000000000000e+00
7.737735470941883875e+01 0.000000000000000000e+00 0.000000000000000000e+00 0.000000000000000000e+00 0.000000000000000000e+00 0.000000000000000000e+00 0.000000000000000000e+00
7.757755511022044459e+01 0.000000000000000000e+00 0.000000000000000000e+00 0.000000000000000000e+00 0.000000000000000000e+00 0.000000000000000000e+00 0.000000000000000000e+00
7.777775551102205043e+01 0.000000000000000000e+00 0.000000000000000000e+00 0.000000000000000000e+00 0.000000000000000000e+00 0.000000000000000000e+00 0.000000000000000000e+00
7.797795591182365627e+01 0.000000000000000000e+00 0.000000000000000000e+00 0.000000000000000000e+00 0.000000000000000000e+00 0.000000000000000000e+00 0.000000000000000000e+00
7.817815631262524789e+01 0.000000000000000000e+00 0.000000000000000000e+00 0.000000000000000000e+00 0.000000000000000000e+00 0.000000000000000000e+00 0.000000000000000000e+00
7.837835671342685373e+01 0.000000000000000000e+00 0.000000000000000000e+00 0.000000000000000000e+00 0.000000000000000000e+00 0.000000000000000000e+00 0.000000000000000000e+00
7.857855711422845957e+01 0.000000000000000000e+00 0.000000000000000000e+00 0.000000000000000000e+00 0.000000000000000000e+00 0.000000000000000000e+00 0.000000000000000000e+00
7.877875751503006541e+01 0.000000000000000000e+00 0.000000000000000000e+00 0.000000000000000000e+00 0.000000000000000000e+00 0.000000000000000000e+00 0.000000000000000000e+00
7.897895791583167124e+01 0.000000000000000000e+00 0.000000000000000000e+00 0.000000000000000000e+00 0.000000000000000000e+00 0.000000000000000000e+00 0.000000000000000000e+00
7.917915831663326287e+01 0.000000000000000000e+00 0.000000000000000000e+00 0.000000000000000000e+00 0.000000000000000000e+00 0.000000000000000000e+00 0.000000000000000000e+00
7.937935871743486871e+01 0.000000000000000000e+00 0.000000000000000000e+00 0.000000000000000000e+00 0.000000000000000000e+00 0.000000000000000000e+00 0.000000000000000000e+00
7.957955911823647455e+01 0.000000000000000000e+00 0.000000000000000000e+00 0.000000000000000000e+00 0.000000000000000000e+00 0.000000000000000000e+00 0.000000000000000000e+00
7.977975951903808038e+01 0.000000000000000000e+00 0.000000000000000000e+00 0.000000000000000000e+00 0.000000000000000000e+00 0.000000000000000000e+00 0.000000000000000000e+00
7.997995991983968622e+01 0.000000000000000000e+00 0.000000000000000000e+00 0.000000000000000000e+00 0.000000000000000000e+00 0.000000000000000000e+00 0.000000000000000000e+00
8.018016032064129206e+01 0.000000000000000000e+00 0.000000000000000000e+00 0.000000000000000000e+00 0.000000000000000000e+00 0.000000000000000000e+00 0.000000000000000000e+00
8.038036072144288369e+01 0.000000000000000000e+00 0.000000000000000000e+00 0.000000000000000000e+00 0.000000000000000000e+00 0.000000000000000000e+00 0.000000000000000000e+00
8.058056112224448952e+01 0.000000000000000000e+00 0.000000000000000000e+00 0.000000000000000000e+00 0.000000000000000000e+00 0.000000000000000000e+00 0.000000000000000000e+00
8.078076152304609536e+01 0.000000000000000000e+00 0.000000000000000000e+00 0.000000000000000000e+00 0.000000000000000000e+00 0.000000000000000000e+00 0.000000000000000000e+00
8.098096192384770120e+01 0.000000000000000000e+00 0.000000000000000000e+00 0.000000000000000000e+00 0.000000000000000000e+00 0.000000000000000000e+00 0.000000000000000000e+00
8.118116232464930704e+01 0.000000000000000000e+00 0.000000000000000000e+00 0.000000000000000000e+00 0.000000000000000000e+00 0.000000000000000000e+00 0.000000000000000000e+00
8.138136272545089867e+01 0.000000000000000000e+00 0.000000000000000000e+00 0.000000000000000000e+00 0.000000000000000000e+00 0.000000000000000000e+00 0.000000000000000000e+00
8.158156312625250450e+01 0.000000000000000000e+00 0.000000000000000000e+00 0.000000000000000000e+00 0.000000000000000000e+00 0.000000000000000000e+00 0.000000000000000000e+00
8.178176352705411034e+01 0.000000000000000000e+00 0.000000000000000000e+00 0.000000000000000000e+00 0.000000000000000000e+00 0.000000000000000000e+00 0.000000000000000000e+00
8.198196392785571618e+01 0.000000000000000000e+00 0.000000000000000000e+00 0.000000000000000000e+00 0.000000000000000000e+00 0.000000000000000000e+00 0.000000000000000000e+00
8.218216432865732202e+01 0.000000000000000000e+00 0.000000000000000000e+00 0.000000000000000000e+00 0.000000000000000000e+00 0.000000000000000000e+00 0.000000000000000000e+00
8.238236472945892785e+01 0.000000000000000000e+00 0.000000000000000000e+00 0.000000000000000000e+00 0.000000000000000000e+00 0.000000000000000000e+00 0.000000000000000000e+00
8.258256513026051948e+01 0.000000000000000000e+00 0.000000000000000000e+00 0.000000000000000000e+00 0.000000000000000000e+00 0.000000000000000000e+00 0.000000000000000000e+00
8.278276553106212532e+01 0.000000000000000000e+00 0.000000000000000000e+00 0.000000000000000000e+00 0.000000000000000000e+00 0.000000000000000000e+00 0.000000000000000000e+00
8.298296593186373116e+01 0.000000000000000000e+00 0.000000000000000000e+00 0.000000000000000000e+00 0.000000000000000000e+00 0.000000000000000000e+00 0.000000000000000000e+00
8.318316633266533699e+01 0.000000000000000000e+00 0.000000000000000000e+00 0.000000000000000000e+00 0.000000000000000000e+00 0.000000000000000000e+00 0.000000000000000000e+00
8.338336673346694283e+01 0.000000000000000000e+00 0.000000000000000000e+00 0.000000000000000000e+00 0.000000000000000000e+00 0.000000000000000000e+00 0.000000000000000000e+00
8.358356713426853446e+01 0.000000000000000000e+00 0.000000000000000000e+00 0.000000000000000000e+00 0.000000000000000000e+00 0.000000000000000000e+00 0.000000000000000000e+00
8.378376753507014030e+01 0.000000000000000000e+00 0.000000000000000000e+00 0.000000000000000000e+00 0.000000000000000000e+00 0.000000000000000000e+00 0.000000000000000000e+00
8.398396793587174614e+01 0.000000000000000000e+00 0.000000000000000000e+00 0.000000000000000000e+00 0.000000000000000000e+00 0.000000000000000000e+00 0.000000000000000000e+00
8.418416833667335197e+01 0.000000000000000000e+00 0.000000000000000000e+00 0.000000000000000000e+00 0.000000000000000000e+00 0.000000000000000000e+00 0.000000000000000000e+00
8.438436873747495781e+01 0.000000000000000000e+00 0.000000000000000000e+00 0.000000000000000000e+00 0.000000000000000000e+00 0.000000000000000000e+00 0.000000000000000000e+00
8.458456913827656365e+01 0.000000000000000000e+00 0.000000000000000000e+00 0.000000000000000000e+00 0.000000000000000000e+00 0.000000000000000000e+00 0.000000000000000000e+00
8.478476953907815528e+01 0.000000000000000000e+00 0.000000000000000000e+00 0.000000000000000000e+00 0.000000000000000000e+00 0.000000000000000000e+00 0.000000000000000000e+00
8.498496993987976111e+01 0.000000000000000000e+00 0.000000000000000000e+00 0.000000000000000000e+00 0.000000000000000000e+00 0.000000000000000000e+00 0.000000000000000000e+00
8.518517034068136695e+01 0.000000000000000000e+00 0.000000000000000000e+00 0.000000000000000000e+00 0.000000000000000000e+00 0.000000000000000000e+00 0.000000000000000000e+00
8.538537074148297279e+01 0.000000000000000000e+00 0.000000000000000000e+00 0.000000000000000000e+00 0.000000000000000000e+00 0.000000000000000000e+00 0.000000000000000000e+00
8.558557114228457863e+01 0.000000000000000000e+00 0.000000000000000000e+00 0.000000000000000000e+00 0.000000000000000000e+00 0.000000000000000000e+00 0.000000000000000000e+00
8.578577154308617025e+01 0.000000000000000000e+00 0.000000000000000000e+00 0.000000000000000000e+00 0.000000000000000000e+00 0.000000000000000000e+00 0.000000000000000000e+00
8.598597194388777609e+01 0.000000000000000000e+00 0.000000000000000000e+00 0.000000000000000000e+00 0.000000000000000000e+00 0.000000000000000000e+00 0.000000000000000000e+00
8.618617234468938193e+01 0.000000000000000000e+00 0.000000000000000000e+00 0.000000000000000000e+00 0.000000000000000000e+00 0.000000000000000000e+00 0.000000000000000000e+00
8.638637274549098777e+01 0.000000000000000000e+00 0.000000000000000000e+00 0.000000000000000000e+00 0.000000000000000000e+00 0.000000000000000000e+00 0.000000000000000000e+00
8.658657314629259361e+01 0.000000000000000000e+00 0.000000000000000000e+00 0.000000000000000000e+00 0.000000000000000000e+00 0.000000000000000000e+00 0.000000000000000000e+00
8.678677354709419944e+01 0.000000000000000000e+00 0.000000000000000000e+00 0.000000000000000000e+00 0.000000000000000000e+00 0.000000000000000000e+00 0.000000000000000000e+00
8.698697394789579107e+01 0.000000000000000000e+00 0.000000000000000000e+00 0.000000000000000000e+00 0.000000000000000000e+00 0.000000000000000000e+00 0.000000000000000000e+00
8.718717434869739691e+01 0.000000000000000000e+00 0.000000000000000000e+00 0.000000000000000000e+00 0.000000000000000000e+00 0.000000000000000000e+00 0.000000000000000000e+00
8.738737474949900275e+01 0.000000000000000000e+00 0.000000000000000000e+00 0.000000000000000000e+00 0.000000000000000000e+00 0.000000000000000000e+00 0.000000000000000000e+00
8.758757515030060858e+01 0.000000000000000000e+00 0.000000000000000000e+00 0.000000000000000000e+00 0.000000000000000000e+00 0.000000000000000000e+00 0.000000000000000000e+00
8.778777555110221442e+01 0.000000000000000000e+00 0.000000000000000000e+00 0.000000000000000000e+00 0.000000000000000000e+00 0.000000000000000000e+00 0.000000000000000000e+00
8.798797595190380605e+01 0.000000000000000000e+00 0.000000000000000000e+00 0.000000000000000000e+00 0.000000000000000000e+00 0.000000000000000000e+00 0.000000000000000000e+00
8.818817635270541189e+01 0.000000000000000000e+00 0.000000000000000000e+00 0.000000000000000000e+00 0.000000000000000000e+00 0.000000000000000000e+00 0.000000000000000000e+00
8.838837675350701772e+01 0.000000000000000000e+00 0.000000000000000000e+00 0.000000000000000000e+00 0.000000000000000000e+00 0.000000000000000000e+00 0.000000000000000000e+00
8.858857715430862356e+01 0.000000000000000000e+00 0.000000000000000000e+00 0.000000000000000000e+00 0.000000000000000000e+00 0.000000000000000000e+00 0.000000000000000000e+00
8.878877755511022940e+01 0.000000000000000000e+00 0.000000000000000000e+00 0.000000000000000000e+00 0.000000000000000000e+00 0.000000000000000000e+00 0.000000000000000000e+00
8.898897795591182103e+01 0.000000000000000000e+00 0.000000000000000000e+00 0.000000000000000000e+00 0.000000000000000000e+00 0.000000000000000000e+00 0.000000000000000000e+00
8.918917835671342687e+01 0.000000000000000000e+00 0.000000000000000000e+00 0.000000000000000000e+00 0.000000000000000000e+00 0.000000000000000000e+00 0.000000000000000000e+00
8.938937875751503270e+01 0.000000000000000000e+00 0.000000000000000000e+00 0.000000000000000000e+00 0.000000000000000000e+00 0.000000000000000000e+00 0.000000000000000000e+00
8.958957915831663854e+01 0.000000000000000000e+00 0.000000000000000000e+00 0.000000000000000000e+00 0.000000000000000000e+00 0.000000000000000000e+00 0.000000000000000000e+00
8.978977955911824438e+01 0.000000000000000000e+00 0.000000000000000000e+00 0.000000000000000000e+00 0.000000000000000000e+00 0.000000000000000000e+00 0.000000000000000000e+00
8.998997995991985022e+01 0.000000000000000000e+00 0.000000000000000000e+00 0.000000000000000000e+00 0.000000000000000000e+00 0.000000000000000000e+00 0.000000000000000000e+00
9.019018036072144184e+01 0.000000000000000000e+00 0.000000000000000000e+00 0.000000000000000000e+00 0.000000000000000000e+00 0.000000000000000000e+00 0.000000000000000000e+00
9.039038076152304768e+01 0.000000000000000000e+00 0.000000000000000000e+00 0.000000000000000000e+00 0.000000000000000000e+00 0.000000000000000000e+00 0.000000000000000000e+00
9.059058116232465352e+01 0.000000000000000000e+00 0.000000000000000000e+00 0.000000000000000000e+00 0.000000000000000000e+00 0.000000000000000000e+00 0.000000000000000000e+00
9.079078156312625936e+01 0.000000000000000000e+00 0.000000000000000000e+00 0.000000000000000000e+00 0.000000000000000000e+00 0.000000000000000000e+00 0.000000000000000000e+00
9.099098196392786519e+01 0.000000000000000000e+00 0.000000000000000000e+00 0.000000000000000000e+00 0.000000000000000000e+00 0.000000000000000000e+00 0.000000000000000000e+00
9.119118236472945682e+01 0.000000000000000000e+00 0.000000000000000000e+00 0.000000000000000000e+00 0.000000000000000000e+00 0.000000000000000000e+00 0.000000000000000000e+00
9.139138276553106266e+01 0.000000000000000000e+00 0.000000000000000000e+00 0.000000000000000000e+00 0.000000000000000000e+00 0.000000000000000000e+00 0.000000000000000000e+00
9.159158316633266850e+01 0.000000000000000000e+00 0.000000000000000000e+00 0.000000000000000000e+00 0.000000000000000000e+00 0.000000000000000000e+00 0.000000000000000000e+00
9.179178356713427434e+01 0.000000000000000000e+00 0.000000000000000000e+00 0.000000000000000000e+00 0.000000000000000000e+00 0.000000000000000000e+00 0.000000000000000000e+00
9.199198396793588017e+01 0.000000000000000000e+00 0.000000000000000000e+00 0.000000000000000000e+00 0.000000000000000000e+00 0.000000000000000000e+00 0.000000000000000000e+00
9.219218436873748601e+01 0.000000000000000000e+00 0.000000000000000000e+00 0.000000000000000000e+00 0.000000000000000000e+00 0.000000000000000000e+00 0.000000000000000000e+00
9.239238476953907764e+01 0.000000000000000000e+00 0.000000000000000000e+00 0.000000000000000000e+00 0.000000000000000000e+00 0.000000000000000000e+00 0.000000000000000000e+00
9.259258517034068348e+01 0.000000000000000000e+00 0.000000000000000000e+00 0.000000000000000000e+00 0.000000000000000000e+00 0.000000000000000000e+00 0.000000000000000000e+00
9.279278557114228931e+01 0.000000000000000000e+00 0.000000000000000000e+00 0.000000000000000000e+00 0.000000000000000000e+00 0.000000000000000000e+00 0.000000000000000000e+00
9.299298597194389515e+01 0.000000000000000000e+00 0.000000000000000000e+00 0.000000000000000000e+00 0.000000000000000000e+00 0.000000000000000000e+00 0.000000000000000000e+00
9.319318637274550099e+01 0.000000000000000000e+00 0.000000000000000000e+00 0.000000000000000000e+00 0.000000000000000000e+00 0.000000000000000000e+00 0.000000000000000000e+00
9.339338677354709262e+01 0.000000000000000000e+00 0.000000000000000000e+00 0.000000000000000000e+00 0.000000000000000000e+00 0.000000000000000000e+00 0.000000000000000000e+00
9.359358717434869845e+01 0.000000000000000000e+00 0.000000000000000000e+00 0.000000000000000000e+00 0.000000000000000000e+00 0.000000000000000000e+00 0.000000000000000000e+00
9.379378757515030429e+01 0.000000000000000000e+00 0.000000000000000000e+00 0.000000000000000000e+00 0.000000000000000000e+00 0.000000000000000000e+00 0.000000000000000000e+00
9.399398797595191013e+01 0.000000000000000000e+00 0.000000000000000000e+00 0.000000000000000000e+00 0.000000000000000000e+00 0.000000000000000000e+00 0.000000000000000000e+00
9.419418837675351597e+01 0.000000000000000000e+00 0.000000000000000000e+00 0.000000000000000000e+00 0.000000000000000000e+00 0.000000000000000000e+00 0.000000000000000000e+00
9.439438877755512181e+01 0.000000000000000000e+00 0.000000000000000000e+00 0.000000000000000000e+00 0.000000000000000000e+00 0.000000000000000000e+00 0.000000000000000000e+00
9.459458917835671343e+01 0.000000000000000000e+00 0.000000000000000000e+00 0.000000000000000000e+00 0.000000000000000000e+00 0.000000000000000000e+00 0.000000000000000000e+00
9.479478957915831927e+01 0.000000000000000000e+00 0.000000000000000000e+00 0.000000000000000000e+00 0.000000000000000000e+00 0.000000000000000000e+00 0.000000000000000000e+00
9.499498997995992511e+01 0.000000000000000000e+00 0.000000000000000000e+00 0.000000000000000000e+00 0.000000000000000000e+00 0.000000000000000000e+00 0.000000000000000000e+00
9.519519038076153095e+01 0.000000000000000000e+00 0.000000000000000000e+00 0.000000000000000000e+00 0.000000000000000000e+00 0.000000000000000000e+00 0.000000000000000000e+00
9.539539078156313678e+01 0.000000000000000000e+00 0.000000000000000000e+00 0.000000000000000000e+00 0.000000000000000000e+00 0.000000000000000000e+00 0.000000000000000000e+00
9.559559118236472841e+01 0.000000000000000000e+00 0.000000000000000000e+00 0.000000000000000000e+00 0.000000000000000000e+00 0.000000000000000000e+00 0.000000000000000000e+00
9.579579158316633425e+01 0.000000000000000000e+00 0.000000000000000000e+00 0.000000000000000000e+00 0.000000000000000000e+00 0.000000000000000000e+00 0.000000000000000000e+00
9.599599198396794009e+01 0.000000000000000000e+00 0.000000000000000000e+00 0.000000000000000000e+00 0.000000000000000000e+00 0.000000000000000000e+00 0.000000000000000000e+00
9.619619238476954592e+01 0.000000000000000000e+00 0.000000000000000000e+00 0.000000000000000000e+00 0.000000000000000000e+00 0.000000000000000000e+00 0.000000000000000000e+00
9.639639278557115176e+01 0.000000000000000000e+00 0.000000000000000000e+00 0.000000000000000000e+00 0.000000000000000000e+00 0.000000000000000000e+00 0.000000000000000000e+00
9.659659318637275760e+01 0.000000000000000000e+00 0.000000000000000000e+00 0.000000000000000000e+00 0.000000000000000000e+00 0.000000000000000000e+00 0.000000000000000000e+00
9.679679358717434923e+01 0.000000000000000000e+00 0.000000000000000000e+00 0.000000000000000000e+00 0.000000000000000000e+00 0.000000000000000000e+00 0.000000000000000000e+00
9.699699398797595506e+01 0.000000000000000000e+00 0.000000000000000000e+00 0.000000000000000000e+00 0.000000000000000000e+00 0.000000000000000000e+00 0.000000000000000000e+00
9.719719438877756090e+01 0.000000000000000000e+00 0.000000000000000000e+00 0.000000000000000000e+00 0.000000000000000000e+00 0.000000000000000000e+00 0.000000000000000000e+00
9.739739478957916674e+01 0.000000000000000000e+00 0.000000000000000000e+00 0.000000000000000000e+00 0.000000000000000000e+00 0.000000000000000000e+00 0.000000000000000000e+00
9.759759519038077258e+01 0.000000000000000000e+00 0.000000000000000000e+00 0.000000000000000000e+00 0.000000000000000000e+00 0.000000000000000000e+00 0.000000000000000000e+00
9.779779559118236421e+01 0.000000000000000000e+00 0.000000000000000000e+00 0.000000000000000000e+00 0.000000000000000000e+00 0.000000000000000000e+00 0.000000000000000000e+00
9.799799599198397004e+01 0.000000000000000000e+00 0.000000000000000000e+00 0.000000000000000000e+00 0.000000000000000000e+00 0.000000000000000000e+00 0.000000000000000000e+00
9.819819639278557588e+01 0.000000000000000000e+00 0.000000000000000000e+00 0.000000000000000000e+00 0.000000000000000000e+00 0.000000000000000000e+00 0.000000000000000000e+00
9.839839679358718172e+01 0.000000000000000000e+00 0.000000000000000000e+00 0.000000000000000000e+00 0.000000000000000000e+00 0.000000000000000000e+00 0.000000000000000000e+00
9.859859719438878756e+01 0.000000000000000000e+00 0.000000000000000000e+00 0.000000000000000000e+00 0.000000000000000000e+00 0.000000000000000000e+00 0.000000000000000000e+00
9.879879759519037918e+01 0.000000000000000000e+00 0.000000000000000000e+00 0.000000000000000000e+00 0.000000000000000000e+00 0.000000000000000000e+00 0.000000000000000000e+00
9.899899799599198502e+01 0.000000000000000000e+00 0.000000000000000000e+00 0.000000000000000000e+00 0.000000000000000000e+00 0.000000000000000000e+00 0.000000000000000000e+00
9.919919839679359086e+01 0.000000000000000000e+00 0.000000000000000000e+00 0.000000000000000000e+00 0.000000000000000000e+00 0.000000000000000000e+00 0.000000000000000000e+00
9.939939879759519670e+01 0.000000000000000000e+00 0.000000000000000000e+00 0.000000000000000000e+00 0.000000000000000000e+00 0.000000000000000000e+00 0.000000000000000000e+00
9.959959919839680254e+01 0.000000000000000000e+00 0.000000000000000000e+00 0.000000000000000000e+00 0.000000000000000000e+00 0.000000000000000000e+00 0.000000000000000000e+00
9.979979959919840837e+01 0.000000000000000000e+00 0.000000000000000000e+00 0.000000000000000000e+00 0.000000000000000000e+00 0.000000000000000000e+00 0.000000000000000000e+00
1.000000000000000000e+02 0.000000000000000000e+00 0.000000000000000000e+00 0.000000000000000000e+00 0.000000000000000000e+00 0.000000000000000000e+00 0.000000000000000000e+00
