-5.656093983798551328e-01
-5.641325740016305268e-01
-5.626524608587217813e-01
-5.608114302800617512e-01
-5.593225918106707883e-01
-5.650231177384644754e-01
-5.635434226466742302e-01
-5.559739012961019133e-01
-5.602176411685619861e-01
-5.557204911303310624e-01
-5.542182445663742518e-01
-5.644400927236152832e-01
-5.508381209253563338e-01
-5.551202208366514679e-01
-5.489610535531652680e-01
-5.474404900798283125e-01
-5.456561272206575941e-01
-5.624796946257739627e-01
-5.609899726572298295e-01
-5.440184710472427687e-01
-5.483525119218051191e-01
-5.576462079515202008e-01
-5.619036068830862707e-01
-5.387698580574161733e-01
-5.406810677745221838e-01
-5.391373322845999239e-01
-5.525226815858481633e-01
-5.356624470907285218e-01
-5.400625375883766344e-01
-5.317978880346975190e-01
-5.457208828681960888e-01
-5.303313349260037057e-01
-5.593775221785264318e-01
-5.310706752048666157e-01
-5.294990213100847498e-01
-5.580877831872178563e-01
-5.565811904202294658e-01
-5.259605987250274284e-01
-5.232451336186784152e-01
-5.304405442507210688e-01
-5.532068697971210813e-01
-5.373890730874831823e-01
-5.575223825829436208e-01
-5.205302779622357212e-01
-5.480388571797329966e-01
-5.203591611251631166e-01
-5.187550840956651754e-01
-5.145552501635765053e-01
-5.151429409752782407e-01
-5.133089434008496488e-01
-5.197159590651856398e-01
-5.277178610990487240e-01
-5.411788767133076661e-01
-5.550131889834287735e-01
-5.095974439385911881e-01
-5.044452786797608557e-01
-5.088101946891686600e-01
-5.071695355984443543e-01
-5.327755984821528346e-01
-5.022190466640613637e-01
-5.034742692911067241e-01
-5.169372018700889582e-01
-5.518568233332912243e-01
-5.503266895505094514e-01
-5.081526303574044334e-01
-5.469095861977292250e-01
-4.977988342569224511e-01
-5.513059370481920851e-01
-4.941351630688344265e-01
-4.931562253975489973e-01
-5.230202596123293413e-01
-5.416792338465696854e-01
-5.506720876496884465e-01
-4.967149585793428912e-01
-4.950340743268604182e-01
-4.902429558058333248e-01
-4.912474434498724229e-01
-5.053116742274094131e-01
-4.960419705763860487e-01
-5.347376994648280757e-01
-5.488187267533258806e-01
-4.854290594116659752e-01
-4.826015008256291372e-01
-5.121437291216328624e-01
-4.809546097411956933e-01
-4.843830203005273227e-01
-4.826589794014876644e-01
-5.262342489707071413e-01
-4.776775644700977930e-01
-4.787743470519878475e-01
-4.931336557533715914e-01
-4.836938227474694152e-01
-4.707935716751283639e-01
-4.701261073327276940e-01
-4.728024123396971645e-01
-5.004118518950183558e-01
-4.681400184479244664e-01
-5.438252207420850581e-01
-5.422651651627392599e-01
-5.163610324517128314e-01
-4.721310011536012374e-01
-5.445112663727569302e-01
-4.703617985399889401e-01
-5.387936349567554739e-01
-4.648403715473715114e-01
-5.432926191110382108e-01
-4.663745885309380501e-01
-4.807142122138685081e-01
-4.714251257719238031e-01
-5.334839785169580573e-01
-4.579924801005590962e-01
-4.570080697431690986e-01
-4.602416640737869158e-01
-4.881186810106277751e-01
-5.053502410970958092e-01
-4.550338382339231824e-01
-4.602694794394734945e-01
-4.584542496069546336e-01
-5.264387307816544848e-01
-5.408329565767632241e-01
-4.520583909934466349e-01
-4.543624181242340021e-01
-4.683717601970976419e-01
-4.595468040916116381e-01
-4.448324955109076995e-01
-4.445165358438070147e-01
-4.480649672002045558e-01
-4.435731645708098636e-01
-5.178079630311781534e-01
-4.755774031568906213e-01
-4.934695430406486616e-01
-4.419683456316985670e-01
-4.490890193211728443e-01
-4.472282099487767670e-01
-4.430326139982473932e-01
-5.383913941424547378e-01
-4.396550703064170396e-01
-4.483497750548322003e-01
-4.564189208738360648e-01
-4.365716930121573691e-01
-5.077850500181770865e-01
-4.309401603283943838e-01
-4.306923795154444790e-01
-5.365664609678439945e-01
-4.388465901816329118e-01
-4.301599093835276610e-01
-4.369420594748559816e-01
-4.631089970729412308e-01
-4.292736983532316475e-01
-4.810153939591150785e-01
-4.326466732704583595e-01
-5.340477814446227267e-01
-5.324517760149392043e-01
-4.380913540974509801e-01
-4.279360431168288681e-01
-4.451484538418055692e-01
-5.289148919881572208e-01
-4.260283623341843962e-01
-5.335371791229266414e-01
-4.297531857128022437e-01
-4.278082041271883407e-01
-4.966039432198221526e-01
-4.165947743791655333e-01
-5.235100656632579730e-01
-4.166662446695852950e-01
-4.234202238986841671e-01
-4.168648360192288571e-01
-4.171059593466073245e-01
-4.289828929922703815e-01
-4.172631799049024703e-01
-4.510290254104481478e-01
-4.171745727751016153e-01
-4.683040072428999445e-01
-4.219607937384003971e-01
-4.348195621808780831e-01
-4.199797709093727183e-01
-4.166555250717989267e-01
-5.163404494637733322e-01
-4.155092589312374685e-01
-5.311106968533415573e-01
-4.211767782645193248e-01
-4.155441940319364869e-01
-4.135324735339956370e-01
-4.845347205042140337e-01
-4.075981221468474303e-01
-4.062189704528273992e-01
-4.047344133188415793e-01
-4.086135733540514625e-01
-4.033807809660190924e-01
-4.023569731082918821e-01
-4.018069605216469942e-01
-4.089914460706535193e-01
-4.256454345737288314e-01
-4.396334401813565829e-01
-4.104836959231182303e-01
-4.147482377036900147e-01
-5.305026475937479891e-01
-4.084469981165281816e-01
-5.075571616182696921e-01
-4.556599992091675544e-01
-4.038487545167906423e-01
-4.066714798673197184e-01
-4.019840601413862125e-01
-4.046155421239768235e-01
-4.096779483492412610e-01
-3.993740736736272612e-01
-4.039437928734092575e-01
-4.018738720217325811e-01
-4.177801935207036688e-01
-3.963781330389037350e-01
-3.999732000444177205e-01
-4.021117775533361027e-01
-4.000323699790823695e-01
-4.058581804359438494e-01
-3.933387315127454542e-01
-3.967504921501482373e-01
-4.009794439707572433e-01
-3.988941353688721381e-01
-4.003558389209823654e-01
-3.971994638143940271e-01
-4.000667897418024865e-01
-3.999664050467301446e-01
-3.999469794326492855e-01
-3.982672681398375936e-01
-3.979767038485483854e-01
-3.978757925000314111e-01
-3.978562649437416554e-01
-4.718769897899283139e-01
-3.905748668955631997e-01
-4.291847081313980294e-01
-4.031250123942459740e-01
-3.953361890833608228e-01
-3.925885129625900638e-01
-3.883696853446280128e-01
-3.941844022783601575e-01
-3.928048642359591724e-01
-3.869488850457443174e-01
-4.012892830389964693e-01
-4.973551528675950739e-01
-3.935500400201111248e-01
-3.864623445250691125e-01
-3.932559939731157250e-01
-3.931538722747440762e-01
-3.931341104314429180e-01
-4.113006597450651891e-01
-4.001546409731881471e-01
-3.995297602927032621e-01
-5.268935813281948599e-01
-3.992401187674585739e-01
-3.991395281876601864e-01
-3.991200627219990138e-01
-3.899801415867622523e-01
-3.879163174410827364e-01
-4.434030859097768951e-01
-3.872279562989873747e-01
-3.880822193408905996e-01
-3.869088541615325338e-01
-4.061886127990608220e-01
-3.862625541526320538e-01
-3.831673599280708276e-01
-3.859629616198241298e-01
-3.858589116959804666e-01
-3.858387766000793695e-01
-3.831842581746395804e-01
-4.198991723646745000e-01
-3.809267301018172125e-01
-4.023365602631653326e-01
-3.787535193416589063e-01
-3.802880828055324458e-01
-3.995799132396097852e-01
-3.783415642133013956e-01
-3.750516409791853634e-01
-5.225939481691235233e-01
-4.589509051405743500e-01
-3.771379159153009364e-01
-5.209563650419573033e-01
-4.859706180970050360e-01
-3.764748563503145795e-01
-3.977282596034549256e-01
-3.761674756480798409e-01
-3.753996071960656877e-01
-3.760607179720584226e-01
-3.760400587159183905e-01
-3.723834275616415002e-01
-3.744071243730203169e-01
-3.965837178534233343e-01
-3.709860472857599567e-01
-3.959533669608782391e-01
-3.956611854409903817e-01
-3.955597120441898262e-01
-3.955400756993943112e-01
-4.119338797570090138e-01
-5.173440194278712267e-01
-4.318336997065479466e-01
-3.712270834193499014e-01
-5.221089890101434650e-01
-3.681794670824105609e-01
-3.682368868096041470e-01
-3.671604135246977485e-01
-5.118294195483945597e-01
-3.662263506086216869e-01
-4.053682147769733790e-01
-3.649827754764635168e-01
-3.642976094552379251e-01
-3.627248239322234946e-01
-3.639799533823598887e-01
-3.638696228526867027e-01
-3.638482719506488383e-01
-5.226778523457935588e-01
-3.614227361105248337e-01
-3.584721160749502200e-01
-3.590535800670409672e-01
-4.460857795590330022e-01
-4.001856855020443637e-01
-4.736766774577529926e-01
-4.212188521014507137e-01
-3.557677338265989309e-01
-3.570868747131588083e-01
-5.045165170604488658e-01
-3.548422868849014922e-01
-5.197214242850307642e-01
-3.962791260846612595e-01
-3.539772643083559100e-01
-5.208953950143574430e-01
-3.516691026480887050e-01
-3.518852881214401540e-01
-3.934828264831988776e-01
-3.514905271446994717e-01
-3.505908771357580389e-01
-3.498775462216743293e-01
-3.916042761630438296e-01
-3.495467946484338562e-01
-3.494319100715340132e-01
-3.494096775447455561e-01
-3.904430140916711478e-01
-3.898034247967274157e-01
-3.895069538133668074e-01
-3.894039895809702778e-01
-3.893840646706543951e-01
-4.117792323608145399e-01
-3.455543394131723733e-01
-3.454924635654060827e-01
-4.955577630574661274e-01
-4.336066420273529398e-01
-3.421029800493619599e-01
-3.411796714063651259e-01
-4.607768805414685920e-01
-3.409541108525904751e-01
-3.388972977298542189e-01
-3.376959976049278556e-01
-4.036758580283910103e-01
-3.355025455440632798e-01
-3.341447026748683991e-01
-3.341560423500951615e-01
-3.339306774809445155e-01
-3.333962022794492164e-01
-3.330490919034098662e-01
-3.329285174600136732e-01
-3.329051833649084857e-01
-4.851500914062238379e-01
-3.969915133133880003e-01
-5.155623045146239258e-01
-3.278410725389484526e-01
-3.275806132154386874e-01
-4.218195948773851844e-01
-3.238402474310511647e-01
-3.235495556220966962e-01
-3.230548336940796128e-01
-4.475962585896421375e-01
-3.917119606592221470e-01
-3.221670081244127348e-01
-3.196142607040146078e-01
-3.172958583630500762e-01
-3.877304071403598895e-01
-3.158597785217764353e-01
-3.150678565381950236e-01
-3.154335361048820063e-01
-3.147005380014630815e-01
-3.145729332400886702e-01
-3.145482379687679075e-01
-3.152947098630040079e-01
-3.848795728569195940e-01
-4.735324885452878996e-01
-3.829640458714014262e-01
-4.109973276070791881e-01
-3.817798046184358030e-01
-3.811275215136762373e-01
-3.808251574119899119e-01
-3.807201450895811301e-01
-3.806998237581820654e-01
-3.087357482902727823e-01
-3.091754247839464398e-01
-5.095463597538484324e-01
-5.078620075186004446e-01
-5.131552336368019329e-01
-3.059805690809170864e-01
-3.045877297383280946e-01
-3.036481908756971104e-01
-4.344698710841508049e-01
-5.041649902887581636e-01
-5.090906277268439917e-01
-2.999851074583800292e-01
-4.013658731809153224e-01
-2.975137899018597265e-01
-2.959817563126843631e-01
-2.951365103634456255e-01
-4.985274016020359578e-01
-2.947443583627237240e-01
-2.961264432518458389e-01
-2.946081116208995043e-01
-2.956333768476905322e-01
-2.945817429802805032e-01
-3.848258810244144512e-01
-3.825388220572170095e-01
-4.609818185631827658e-01
-3.775424502635473245e-01
-2.907392249462313893e-01
-3.842072451830149116e-01
-2.884756379297470086e-01
-5.096412189257986114e-01
-2.888860648839505219e-01
-3.930910396363602177e-01
-4.910542180964015402e-01
-4.217291616653366937e-01
-2.846991618646150801e-01
-2.830239608115048267e-01
-3.698836093872824304e-01
-5.067478455006191318e-01
-2.790902627242686229e-01
-3.862596374180453651e-01
-2.764321913498510863e-01
-2.768220326679557974e-01
-2.747826396591925291e-01
-2.738719755693465041e-01
-2.750976728131985238e-01
-2.734493301615722460e-01
-2.733024677425680560e-01
-2.732740433185976703e-01
-4.478064259761146970e-01
-2.726933974907178593e-01
-3.596290084119014296e-01
-3.808597349511007035e-01
-4.818995688617779272e-01
-3.809690097830278899e-01
-2.673904366289096002e-01
-4.096869708127718335e-01
-3.767857068634508644e-01
-2.645614709691074817e-01
-2.614993814985085430e-01
-3.738676104980862558e-01
-3.719064961532005387e-01
-2.572366483909092061e-01
-3.706939336622078751e-01
-2.578031204882982874e-01
-3.700260092586530880e-01
-3.468842199469473475e-01
-3.697163846158688094e-01
-3.696088491281533384e-01
-3.695880394320398277e-01
-2.543502527748314757e-01
-2.554675529798713929e-01
-2.541998996597656935e-01
-2.525564942371036348e-01
-2.515653728392638344e-01
-4.712628533221142613e-01
-2.511051796205865938e-01
-2.509452390120193166e-01
-2.509142815280066552e-01
-4.343371995594605406e-01
-5.026555535918668660e-01
-3.986226058981606757e-01
-2.458379440257296156e-01
-2.445902559578721214e-01
-5.037252818529811549e-01
-2.394169274322332508e-01
-2.395135807859276877e-01
-3.317900068242671807e-01
-2.347534312069429752e-01
-3.753224681473737445e-01
-2.333429306350375543e-01
-2.315869161891919437e-01
-3.887681803258067892e-01
-4.593864867327228096e-01
-2.296153551394942705e-01
-5.019975028591618926e-01
-2.285247326100250109e-01
-2.280180303021487331e-01
-2.278418791535858079e-01
-2.278077812561086213e-01
-4.209159989444617445e-01
-2.252296748178690411e-01
-2.242040970966635016e-01
-2.224059366011353622e-01
-2.171441443410664363e-01
-3.802948062524468265e-01
-4.950001179095038784e-01
-4.932642667458239649e-01
-3.145218548125496283e-01
-2.119911469225600475e-01
-2.129618968180137240e-01
-2.084791104125668093e-01
-4.894743269780410522e-01
-2.062867523975506212e-01
-2.050720605617386283e-01
-4.945771366152193482e-01
-2.045072389236989863e-01
-2.069503840100851422e-01
-2.043108115135967850e-01
-2.042727844257561653e-01
-4.465518754952269020e-01
-3.732936365998400507e-01
-2.029070943326925780e-01
-4.078817248566432019e-01
-4.837020286129615765e-01
-4.968233871939963797e-01
-1.950779410429448746e-01
-3.677555884430029343e-01
-1.935275405767434564e-01
-1.893252669201739014e-01
-1.902333159237844518e-01
-3.635749365228410634e-01
-1.853842583165657143e-01
-2.952893745184807517e-01
-1.829152323172157368e-01
-1.815441832252600862e-01
-1.809058937568049641e-01
-1.824050484280466122e-01
-1.806838016534487446e-01
-1.806407991657944800e-01
-4.760536542212445710e-01
-3.605796195921756597e-01
-3.673227799993876164e-01
-4.922851232942135891e-01
-3.585662573553431431e-01
-1.755418669094552797e-01
-3.573212758897040819e-01
-1.736543491042656373e-01
-4.330731046242085047e-01
-3.566354606828163187e-01
-3.955548801810340187e-01
-3.563175345457438858e-01
-3.562071146062204541e-01
-3.561857466437012842e-01
-1.671661799262433301e-01
-1.626892483486715724e-01
-1.631992784174312039e-01
-1.598700487399383752e-01
-1.582994834361406977e-01
-1.594987487316585351e-01
-1.575670361789528184e-01
-1.573119892618910221e-01
-1.572625943444702079e-01
-4.666854317094125126e-01
-1.533572932321053406e-01
-2.743359564962943864e-01
-1.459700036341382567e-01
-1.458072091012010407e-01
-3.842220891805604444e-01
-1.408208725651177440e-01
-1.375541813281676295e-01
-1.357256019785509360e-01
-1.348706011856545262e-01
-1.345725399754246765e-01
-1.345147940238916595e-01
-1.347012571465533715e-01
-4.192879694004745250e-01
-1.306885333770469171e-01
-4.926873437334360895e-01
-1.262271734403191958e-01
-4.557998055133660187e-01
-1.202355862055158181e-01
-1.181709358816357691e-01
-1.163925785264092599e-01
-4.882687928131266286e-01
-1.142257265361519974e-01
-1.132084592562387915e-01
-1.128531974092461393e-01
-1.127843311636274604e-01
-3.741219498653965969e-01
-1.084125935541464941e-01
-1.041598334080094668e-01
-1.013735614964398069e-01
-2.519396398421385186e-01
-9.678448684074307529e-02
-9.416751695413438927e-02
-9.293094126753169426e-02
-9.294192329257205953e-02
-9.249783100830134830e-02
-9.241379727845493164e-02
-4.892908419631765704e-01
-8.462571114587649768e-02
-8.016942922603768895e-02
-7.907052920945313590e-02
-7.584479454595979830e-02
-7.430391301858024766e-02
-7.376151036153247298e-02
-7.365610363285103601e-02
-4.055462016250883650e-01
-3.654310166184074893e-01
-7.035939182395756220e-02
-6.356949519580748498e-02
-4.436433724118871713e-01
-5.950936651518439618e-02
-5.893853630794296250e-02
-5.753262780024948758e-02
-5.683038066177270586e-02
-5.669350363969993811e-02
-5.063977822401687784e-02
-4.543865046465780239e-02
-4.281716308823425854e-02
-4.186882301327789907e-02
-4.168284450094877219e-02
-4.068197669272098638e-02
-3.398980725415642196e-02
-3.039647145142396895e-02
-2.904538439615107423e-02
-2.877664918584495538e-02
-2.560450680667982273e-02
-2.059682611371428662e-02
-1.854502958964814735e-02
-1.812123907964207151e-02
-3.570778507815606795e-01
-1.388768243034692318e-02
-1.060926951783305351e-02
-9.849760553579332487e-03
-5.678510026600911038e-03
-4.087378057054009105e-03
-1.080667682549261901e-03
-3.582450179436858506e-01
-2.284169067238443207e-01
-3.525562133011678201e-01
-4.790631733640622891e-01
-3.921951389133493948e-01
-4.772715837059650079e-01
-3.482603667897798405e-01
-4.305030053654266831e-01
-4.733814960202240574e-01
-3.451816516188117023e-01
-4.786764059874062394e-01
-3.431119905434574791e-01
-4.825377062936168637e-01
-3.418321327340427818e-01
-3.411270896764960758e-01
-3.408002462971888025e-01
-3.406867286417962770e-01
-3.406647611771058681e-01
-2.041320096883463553e-01
-4.674643749576564700e-01
-3.795636994124201302e-01
-4.596281579665595918e-01
-4.166995960586536984e-01
-4.764413169994637931e-01
-1.795148249154255027e-01
-4.817766865540941135e-01
-3.679462283062587269e-01
-4.500316860973351263e-01
-4.801143646281323396e-01
-4.025789853348523128e-01
-1.550880234433870131e-01
-3.575878026794385156e-01
-3.447316727029748340e-01
-4.388811475479028612e-01
-4.725103851889081996e-01
-3.486699802418725125e-01
-1.314956441387804542e-01
-4.751314756131729267e-01
-3.884998745388748009e-01
-3.412913176073588684e-01
-1.095081763695580357e-01
-4.264282143236047262e-01
-3.354489614534466035e-01
-3.310349697192916940e-01
-8.996124878767647326e-02
-3.278712450635349329e-01
-3.748189403118894480e-01
-3.257444009073436342e-01
-3.244292064212249138e-01
-7.358556614047223610e-02
-3.237047114550724025e-01
-3.233688541750198708e-01
-3.232522062942574381e-01
-3.232296330984253951e-01
-4.129663018628186855e-01
-4.618580769328057278e-01
-4.600070407930914040e-01
-6.076836358874914551e-02
-4.560106986451511468e-01
-5.143105144107020660e-02
-4.668929510082563961e-01
-4.615109283548317065e-01
-4.512692142392227268e-02
-4.123144742062740536e-02
-3.908923962499939037e-02
-3.809735423832236872e-02
-3.775304358726647158e-02
-3.768642443633118955e-02
-3.618740559777757770e-01
-4.499404030917114605e-01
-4.693652995236820558e-01
-3.988243159748491862e-01
-4.419061770978184311e-01
-4.593391089315849163e-01
-3.499673305919744903e-01
-3.304543221765448013e-01
-4.661066719442096828e-01
-4.320700998856456532e-01
-3.393498054408067288e-01
-3.843573801763797149e-01
-3.302068691734241779e-01
-4.206429414868357308e-01
-4.555033449927913258e-01
-4.596286185420779269e-01
-3.226405942811163552e-01
-3.699342749365029936e-01
-3.166479158629513235e-01
-4.078825040347428543e-01
-3.121200849988520765e-01
-3.088749731114171504e-01
-3.066936743853566072e-01
-3.053449574073611172e-01
-3.046020527833357971e-01
-3.559218000981603236e-01
-3.042576752086217917e-01
-3.041380700822646777e-01
-3.041149247205918171e-01
-3.940899883666661996e-01
-4.435250684168200452e-01
-4.416114775296730022e-01
-4.571213801312783986e-01
-4.500126102741692780e-01
-4.375040343504934537e-01
-3.426670443929460963e-01
-4.432208707089373978e-01
-4.555347170747963692e-01
-4.312741982828954268e-01
-3.144427258240885537e-01
-3.732934846228703335e-02
-3.796036659784545741e-01
-3.304794781726846375e-01
-4.230346018794805540e-01
-4.411188615976915361e-01
-4.507738847752140732e-01
-3.196149649090925249e-01
-4.129513121404043696e-01
-3.647892592799020228e-01
-3.102614138225218143e-01
-4.012406717961684577e-01
-3.025221871983531652e-01
-4.373884026855404672e-01
-4.429062176705274023e-01
-3.500267010205431739e-01
-2.963929542265138495e-01
-2.917629962316614090e-01
-2.884456314583292991e-01
-3.881678373033761176e-01
-2.862163997922697045e-01
-2.848383541221503057e-01
-2.840794038316045711e-01
-2.837276149041242368e-01
-2.836054396149224610e-01
-2.835817971083004485e-01
-3.356935006299420765e-01
-4.435001972685078675e-01
-3.740431998842534411e-01
-4.242262189947387796e-01
-4.222476697701422754e-01
-3.221458422984342929e-01
-2.969114563124604644e-01
-4.320378684072249120e-01
-4.403999744071592781e-01
-4.180257447363300849e-01
-4.239681948032831826e-01
-4.116323029245683718e-01
-3.592158643930900008e-01
-3.096996037507231958e-01
-4.031832120352230042e-01
-4.342403481368525830e-01
-4.219427109604106940e-01
-2.986136358443267635e-01
-3.928494075883918191e-01
-3.440634864855958708e-01
-2.890767894394797866e-01
-3.808539490081205292e-01
-2.811901617957114907e-01
-4.183280284619733669e-01
-4.251059502561981840e-01
-3.289780893860609901e-01
-2.749473695848013155e-01
-2.702341620649580389e-01
-2.668589359983128406e-01
-3.674707271983701506e-01
-2.645918745702069974e-01
-2.631909249793119021e-01
-2.624195267867814318e-01
-2.620620085079792827e-01
-2.619378493354587722e-01
-2.619138232625345397e-01
-4.300911181409454720e-01
-3.143481523930163335e-01
-4.285911051502075964e-01
-3.530208534047745150e-01
-4.041501370256692649e-01
-2.780891359447124622e-01
-4.021050751433368764e-01
-4.240856495569131357e-01
-3.005383230478103629e-01
-3.977670229697818916e-01
-4.131316006859295231e-01
-4.039413290820071945e-01
-3.912086109337742923e-01
-3.378657767709517534e-01
-2.878692631611837749e-01
-3.825496688834281178e-01
-4.019991732742187462e-01
-4.166480909974941693e-01
-2.766003936016288023e-01
-3.719670053296206258e-01
-3.223963227719122693e-01
-2.669191138465417668e-01
-3.596916717575994737e-01
-2.589207422531886738e-01
-3.985109422825087733e-01
-4.063910809292677340e-01
-3.070172532623630102e-01
-2.525953974807546576e-01
-2.478238854872180374e-01
-2.444095375392771330e-01
-3.460077833816010973e-01
-2.421176560841811487e-01
-4.154436752418634859e-01
-2.407020142716105870e-01
-2.399227461942224082e-01
-2.395616339257954086e-01
-2.394362344497531769e-01
-2.394119688200835594e-01
-2.921277807361240542e-01
-4.125255208752219294e-01
-3.835165827594022026e-01
-3.814044792263664441e-01
-2.582146552186851407e-01
-3.312487432631969764e-01
-3.769507012031221294e-01
-3.833597385350114850e-01
-4.067339095694030293e-01
-3.934827589584493635e-01
-2.780997318856407996e-01
-3.702290994782950206e-01
-3.157897705805399746e-01
-3.613642803002077297e-01
-2.652561546308835894e-01
-3.815076198399152685e-01
-3.981606165867543901e-01
-3.505400238762435006e-01
-2.538544116518146598e-01
-3.000358252658111291e-01
-2.440767265961139298e-01
-3.379967265503692198e-01
-3.781564430735995797e-01
-2.360100358366559181e-01
-3.869506928233603094e-01
-2.844045654921145139e-01
-2.296388708770178422e-01
-2.248381330918195198e-01
-3.240302377550283164e-01
-4.010552582507126429e-01
-2.214062166429440204e-01
-3.996552264330557325e-01
-2.191043296391304018e-01
-2.176832840584457529e-01
-2.169013036576553644e-01
-2.165389980657395907e-01
-2.164131935111266170e-01
-2.163888500396228542e-01
-2.693050209014695162e-01
-3.954454108997746409e-01
-3.625801674267906671e-01
-3.604017035166034444e-01
-3.558349494344603681e-01
-3.089877307278137142e-01
-3.624775736976105223e-01
-2.375357589594375152e-01
-3.733104963631428408e-01
-3.489554893932478308e-01
-2.551141653691729738e-01
-3.885081974670345772e-01
-3.398935727325324563e-01
-2.932593516073822570e-01
-3.607218017869450177e-01
-2.421541954869597391e-01
-3.789669380322930325e-01
-3.288410847727430975e-01
-2.306780409014003441e-01
-2.772646715108033066e-01
-3.160491029716300804e-01
-2.208576855462048016e-01
-3.575177361356932093e-01
-3.670035958874869331e-01
-2.127703659872992870e-01
-2.614337050352559810e-01
-2.063927585551666721e-01
-3.018266033538384852e-01
-2.015934579978204966e-01
-3.855824881162507878e-01
-1.981663879577705012e-01
-3.416321040344554305e-01
-1.958697457054344726e-01
-3.828761454923111929e-01
-3.393893279296180676e-01
-1.944527928658190963e-01
-1.936733515880199319e-01
-1.933122918053140071e-01
-1.931869300078396245e-01
-1.931626728054831599e-01
-2.461835686844997262e-01
-3.347149114187678576e-01
-3.415853741668610777e-01
-2.865357302774097503e-01
-3.775137686132293280e-01
-3.276867208595414804e-01
-3.528672372007133906e-01
-2.163093076919053726e-01
-2.318936292320288861e-01
-3.184415075261675665e-01
-3.695970957542411561e-01
-3.399314129505987547e-01
-2.705822273528017408e-01
-3.071803364968895833e-01
-2.188810988520560052e-01
-3.592852044957414726e-01
-2.544000521893606259e-01
-2.073929868334430382e-01
-2.941661522807906826e-01
-3.368832725250626159e-01
-1.975853225372425082e-01
-3.468010916452752279e-01
-2.384301920223310389e-01
-2.797221564789204584e-01
-1.895251771855892553e-01
-3.209988487291833281e-01
-3.186952562531690236e-01
-1.831797109747033414e-01
-3.139210903842117317e-01
-3.210086787890785165e-01
-1.784113442323308485e-01
-3.704148085357364950e-01
-1.750103627801754824e-01
-3.691316935771754570e-01
-3.067570385765383545e-01
-1.727332593101308655e-01
-2.230952904694647188e-01
-1.713292344496162578e-01
-2.642261814515068918e-01
-1.705571962754150739e-01
-1.701996362042888788e-01
-1.700754998375114402e-01
-1.700514803563484278e-01
-3.652684460397372934e-01
-3.324397286941912499e-01
-2.973471198072609178e-01
-3.589182804529627568e-01
-3.194605719228111873e-01
-2.087738527827894541e-01
-1.948021071460065423e-01
-2.480995485329880179e-01
-2.859024726409652994e-01
-3.502176720448897385e-01
-1.957726103256938743e-01
-2.726987852714600202e-01
-3.393651466205649947e-01
-3.165750262915085211e-01
-2.317895337526986732e-01
-1.843344493205009149e-01
-3.010366401991811380e-01
-2.986771324998286348e-01
-2.580741057843444208e-01
-1.745919936857250609e-01
-3.266276904387542257e-01
-2.938135020833726463e-01
-2.157458641713604630e-01
-3.011025658612732636e-01
-1.666028537021700118e-01
-2.865297274734524002e-01
-1.603240676845395785e-01
-2.424220067947303603e-01
-1.556124935828301636e-01
-2.769776672767886305e-01
-2.003934732651334316e-01
-2.996622873345541893e-01
-1.522559128797190131e-01
-3.123470580115921824e-01
-1.500105174184214185e-01
-1.486268788545289932e-01
-1.478663287037013940e-01
-1.475141561613551866e-01
-1.473919000261169066e-01
-1.473682449298719388e-01
-3.543317977433705357e-01
-3.518750753436415413e-01
-2.653791137679711309e-01
-3.470183845218533514e-01
-2.261785543289824563e-01
-1.861066711803839591e-01
-3.398744053043851188e-01
-2.520229132129588323e-01
-3.306175674987763546e-01
-1.732974360479387077e-01
-2.969428365433116057e-01
-1.731676604807862729e-01
-2.098024324125095930e-01
-2.821215419381294942e-01
-2.797122306864622820e-01
-3.194884459596492032e-01
-2.747712628611956864e-01
-2.822417400527617581e-01
-2.372619562092872225e-01
-1.618434540929967469e-01
-2.673862454194876337e-01
-3.067988387485364177e-01
-1.937492190403328762e-01
-1.522116143442463487e-01
-2.577171570547276969e-01
-2.809085635015040050e-01
-2.215048487113286668e-01
-1.443299731730860180e-01
-2.929348438208850269e-01
-1.381458225826425468e-01
-2.459965969364646954e-01
-1.784425332188246671e-01
-1.335114551338717759e-01
-1.302134389986547014e-01
-1.280090187442021188e-01
-2.052007743711583843e-01
-1.266513856213179745e-01
-1.259053809973979532e-01
-1.255600041301116743e-01
-1.254401159346713035e-01
-1.254169195227372857e-01
-2.325264157577530966e-01
-1.642495110431256566e-01
-2.783545345957195716e-01
-2.646355224858212840e-01
-2.621833883815323230e-01
-2.571782596563418344e-01
-3.385952790730761830e-01
-3.374501499046968500e-01
-3.339967673368433032e-01
-2.648067012900875983e-01
-3.283392430946214802e-01
-3.206271299123171215e-01
-1.888172549009429768e-01
-2.497115221700989540e-01
-3.110750187056501304e-01
-2.176736573453511292e-01
-1.514678268585396559e-01
-1.520242481318351824e-01
-2.999661681864189133e-01
-2.399511923588288631e-01
-2.635767030518510468e-01
-1.402578893675597571e-01
-2.876549576083443638e-01
-1.728125403602153720e-01
-2.018605320765459454e-01
-2.281403398077855027e-01
-1.307717297924207156e-01
-2.745654017670602354e-01
-2.489500598313777457e-01
-1.230245176007231378e-01
-2.464625131849064454e-01
-1.576054522469484132e-01
-2.145930730918298723e-01
-2.414065151411684818e-01
-1.855471016826342467e-01
-2.611824471015675719e-01
-2.491674662517383287e-01
-1.169548600221997914e-01
-1.124117067617200205e-01
-2.338771615947843330e-01
-1.091816891760904046e-01
-1.070242726708029446e-01
-1.056962395336923932e-01
-1.049667159411818568e-01
-1.435534992865403758e-01
-1.046290212103040823e-01
-1.045118072492305927e-01
-1.044891287013402087e-01
-1.996892678164258750e-01
-2.240500362044004767e-01
-2.480332642378805519e-01
-1.692068464497543390e-01
-1.309296116458950610e-01
-2.121778603975418009e-01
-2.354093235770548520e-01
-2.328937493090745547e-01
-2.918960210195131744e-01
-2.811326668020245334e-01
-1.838627613801554761e-01
-3.014506511836342328e-01
-2.695516779029907828e-01
-3.094727785191981329e-01
-2.277993907543136576e-01
-1.532975858845499195e-01
-3.157072984276421135e-01
-2.356668688514835519e-01
-2.576045151275110912e-01
-3.199662605966954176e-01
-3.221272232003443703e-01
-1.199033190937485865e-01
-1.313509004965147386e-01
-1.985857249354563703e-01
-2.202247611133630600e-01
-2.457877148696085701e-01
-1.105858184186519350e-01
-1.675819450572411384e-01
-2.103521815433971598e-01
-1.382310948757506375e-01
-2.346176517966170050e-01
-1.029894594069205443e-01
-1.836645401435792191e-01
-2.243150709439679646e-01
-2.217784490108054840e-01
-9.704560282812352279e-02
-1.984427931974256376e-01
-2.166567702413699781e-01
-2.246055472349200721e-01
-9.260111366983860004e-02
-1.513235058140002531e-01
-1.243522457050780100e-01
-8.944379562119725291e-02
-2.090514742927666036e-01
-8.733622131738023875e-02
-8.603940875174946601e-02
-8.532721432025237862e-02
-8.499758416600065869e-02
-8.488317569232883830e-02
-1.678575077659471559e-01
-8.486104031568342254e-02
-1.848309980524412699e-01
-2.325043351089270127e-01
-1.991504981809262276e-01
-2.424062241715321253e-01
-2.159194426656448063e-01
-2.133681272706018650e-01
-2.236273825245871927e-01
-1.119165301032194887e-01
-2.528469431212481688e-01
-2.082283710327436366e-01
-1.355420585733325411e-01
-2.162347734905937791e-01
-2.633359299173424484e-01
-2.006038995973568606e-01
-1.872218654100776536e-01
-1.516388531905528136e-01
-1.699166885567966190e-01
-2.734081339915319653e-01
-1.010846251162081377e-01
-2.104212561582336494e-01
-2.078610834971200694e-01
-2.027110999645649336e-01
-2.826452985336210810e-01
-2.107527829166048750e-01
-1.906869327326058405e-01
-1.206422572502337670e-01
-2.077186939086958506e-01
-2.051550036670739541e-01
-2.153111021848778950e-01
-9.194641761813800163e-02
-1.950765727119390391e-01
-1.736073993406290206e-01
-2.906886078745568036e-01
-2.000020000194177028e-01
-1.115177488238873194e-01
-2.216248670784489172e-01
-2.080583667992304819e-01
-1.541501622984273734e-01
-1.354861021743295479e-01
-2.972446639859241957e-01
-8.450703800704169322e-02
-1.787506518081696527e-01
-1.923657204792159625e-01
-1.851525173598763396e-01
-2.292974500892163425e-01
-3.020871103586273421e-01
-2.098652002519904025e-01
-1.069523935153600669e-01
-7.869216511467182207e-02
-3.050561292982959527e-01
-3.060385215573149797e-01
-1.587138644888790862e-01
-7.434770597028256267e-02
-1.824425480032784708e-01
-2.071894764085330243e-01
-2.378863561049009978e-01
-7.126347517975101242e-02
-1.732154443498194751e-01
-1.651423122802169463e-01
-6.920571078470635906e-02
-1.198491485392411404e-01
-1.380093163969724757e-01
-6.793997761280407000e-02
-2.133937559400593265e-01
-6.724499470955627722e-02
-6.692336504753129689e-02
-6.681173840599767544e-02
-6.679014154102003165e-02
-9.471490774865545803e-02
-1.705105697534812503e-01
-2.048176807557952339e-01
-2.022721886214234044e-01
-2.469250721316434694e-01
-1.429965936160930151e-01
-1.971647039408847280e-01
-1.596160512402205189e-01
-2.051701288386606759e-01
-1.502735371207684911e-01
-2.080044282804396905e-01
-8.407918921339635476e-02
-2.185642655720124172e-01
-1.051236911305300226e-01
-1.896020328500819807e-01
-1.219707908097063809e-01
-1.569220460375979898e-01
-2.559509845444120080e-01
-2.053581566821613968e-01
-7.511947521000382488e-02
-1.797815836102007736e-01
-1.269354828767462751e-01
-1.447689352726930501e-01
-2.043447967857972003e-01
-1.346029675911994405e-01
-9.162972289727751296e-02
-2.645312861358636858e-01
-2.249884772269477584e-01
-6.783394507665906070e-02
-1.064797163996489826e-01
-1.420928290046405973e-01
-2.104456135464279620e-01
-6.214411585873801797e-02
-1.679816933318345751e-01
-9.280844856496331396e-02
-5.789582288945174099e-02
-2.722809269408948962e-01
-1.291346112751398933e-01
-7.958111865798939144e-02
-1.110055943573869525e-01
-5.488141364278516232e-02
-5.287102068031473978e-02
-1.186114221332813939e-01
-5.163475925044867104e-02
-5.095606965016567791e-02
-5.064200702511942320e-02
-2.322362991437103008e-01
-5.053301053365663598e-02
-5.051192276096832384e-02
-2.051310469391744162e-01
-9.191875128134521789e-02
-1.545535385053986299e-01
-1.264840753004243812e-01
-2.788734510942139644e-01
-2.025849750616952327e-01
-6.913193231130668193e-02
-2.025237573568253457e-01
-2.144317413160923003e-01
-2.840464616146720078e-01
-1.131941686260445196e-01
-9.564580152509001565e-02
-1.027719813570270591e-01
-6.034007957797018346e-02
-7.860126139934388301e-02
-2.876036433767371614e-01
-1.399100168868764593e-01
-2.398641916652760886e-01
-2.894161198669150115e-01
-1.105766703197807455e-01
-5.319751633842875749e-02
-8.123568545408568764e-02
-4.762294561573677393e-02
-6.673419141818111300e-02
-9.741912727244118886e-02
-2.064486226649897560e-01
-8.751993704742798419e-02
-4.346273346511449892e-02
-1.245072035413690575e-01
-2.195789329986572169e-01
-2.474394146806456474e-01
-4.051196730353555375e-02
-9.484108765779740435e-02
-1.982253993802959025e-01
-1.957298208254830973e-01
-3.854460621299705958e-02
-1.998470298108784848e-01
-3.733505714500480466e-02
-3.667111610361910995e-02
-3.636389853815751722e-02
-5.645209616770024974e-02
-3.625728058919026886e-02
-3.623665316887952209e-02
-1.907406131255241499e-01
-1.986035157872815538e-01
-6.806868851267647291e-02
-7.549798987592262756e-02
-2.012241306539378494e-01
-8.224130750125228928e-02
-1.833659053534560379e-01
-7.322602895274232804e-02
-4.780945899307922908e-02
-1.088189636675224031e-01
-1.986638737501728313e-01
-2.545622478062200544e-01
-7.970698105238339937e-02
-5.635281264898647779e-02
-1.738044738563045422e-01
-4.079287497317125172e-02
-2.254739807623941661e-01
-1.978761389445493069e-01
-2.092230133481070009e-01
-6.802775452158665859e-02
-3.531924363781684811e-02
-6.017946573607805411e-02
-2.608814001421808637e-01
-3.123579933408567044e-02
-4.621126948009944557e-02
-9.330751169767058373e-02
-1.623339101297991416e-01
-6.553953277376821374e-02
-2.834029495188165534e-02
-2.641019979716345209e-02
-2.522374419763438042e-02
-2.457254092075633958e-02
-2.427123217339207176e-02
-2.416666700467009349e-02
-2.414643686217135196e-02
-4.858033610614968800e-02
-5.506253615085347775e-02
-3.769300148105293735e-02
-2.661035402530101401e-01
-2.013939260152140254e-01
-1.493013352718904063e-01
-1.961047671485849908e-01
-2.316994554488467362e-01
-1.962789194295393447e-01
-5.262022445944544019e-02
-3.078084880828392197e-02
-7.839429334916538095e-02
-2.699984581346144830e-01
-3.854705591148849947e-02
-4.354218458235271233e-02
-2.539050275437419735e-02
-5.983530454497860279e-02
-2.130799509496033306e-01
-2.724015489772728116e-01
-2.137016213992056282e-02
-1.962717069892240263e-01
-2.731941573234969445e-01
-1.351112273188403434e-01
-4.114382949520857535e-02
-3.012390015194190904e-02
-1.851995010955883106e-02
-1.662033393299553255e-02
-6.443507891260664977e-02
-1.545274072425570876e-02
-3.358129966405482697e-02
-1.481193346678796527e-02
-1.451544538159912218e-02
-1.441255468972789042e-02
-1.439264859591411413e-02
-1.937648715608564498e-01
-2.378543300636439817e-01
-2.329134267196652369e-02
-3.122286934993567104e-02
-1.796427034652475427e-02
-2.522164231431461845e-02
-1.202065148455911253e-01
-1.399172568850476188e-02
-5.170921678343595729e-02
-1.117573238895900462e-02
-2.289793031355284725e-02
-1.937621569189146575e-01
-1.844207981700515461e-02
-2.029433607444900423e-01
-9.299102759286373421e-03
-8.145719562213596041e-03
-7.512739403427225703e-03
-7.219879684660357282e-03
-7.118249168748766800e-03
-7.098586938496940363e-03
-2.176274184034794612e-01
-1.315701834345324797e-02
-2.435731610125757285e-01
-1.614709581450403039e-02
-9.216106312969211262e-03
-4.040522281472318927e-02
-1.050438597173296573e-01
-6.422697857022957590e-03
-1.088461271955112192e-02
-4.604427718814491088e-02
-4.561211629833275723e-03
-1.913397128311558060e-01
-3.417179969406276396e-03
-2.789347952349308535e-03
-2.498874119376752294e-03
-2.398072167416628962e-03
-2.378570272472224894e-03
-6.960595781496238359e-03
-4.179212286678435188e-03
-1.952821976386557301e-01
-3.063061633452674251e-02
-2.325779771020483611e-03
-1.186719820765331059e-03
-2.485394644003180165e-01
-5.616244253493691586e-04
-2.724187566984741910e-04
-1.720571838900123579e-04
-1.526405044757287984e-04
-9.006588773301826834e-02
-2.242682018787169398e-02
-2.224770320643622568e-01
-1.902713969426713392e-01
-2.524942064949666221e-01
-2.055130442527977330e-01
-1.577233680034881638e-02
-1.878226952882744716e-01
-1.902899447513976272e-01
-1.058364202044649247e-02
-7.567438886854808977e-02
-2.552407485543402021e-01
-3.432260304365702952e-02
-6.714146307018810378e-03
-1.883997080987800388e-01
-3.971341307991083786e-03
-1.859872423783960615e-01
-2.566489675664186398e-01
-2.143644217918688408e-03
-1.020418473186728231e-03
-1.811884769908221615e-01
-4.040172941708407403e-04
-1.188345413160089793e-04
-1.986896852284116450e-05
-7.223588240073429155e-07
-1.888098434180772722e-01
-2.272614677569625707e-01
-1.741122645622416587e-01
-6.220855898110176641e-02
-1.956087433542000875e-01
-1.649572854914830577e-01
-1.882192829510274945e-01
-1.855441372305123293e-01
-2.087362126302049481e-01
-2.483474458060925746e-02
-4.993116907927423048e-02
-1.539974295744180321e-01
-2.316510447277921603e-01
-1.881251004028553775e-01
-3.902387006478660880e-02
-1.858349453051479361e-01
-1.415711010069811426e-01
-1.771511135855715485e-02
-1.868521204569218719e-01
-1.832317958310099026e-01
-2.353653674069511037e-01
-2.959135580464693563e-02
-2.122564454771214693e-01
-1.808445370627439486e-01
-1.969119062191075631e-01
-1.308115268236939230e-02
-1.280679682981966938e-01
-2.167163754836423650e-02
-2.381809251078237655e-01
-1.084361720367627013e-02
-1.524466519104986789e-02
-2.399359474207449772e-01
-1.023149357403315557e-02
-2.405115022949529946e-01
-1.139100010597373369e-01
-6.491376795270780743e-03
-3.839698526146386338e-03
-1.846499246192484789e-01
-2.072626296552899580e-03
-9.866253721062263459e-04
-3.906396412561067254e-04
-1.148984094333963901e-04
-1.920858296256843959e-05
-1.872478855014414467e-01
-6.956740018083990234e-07
-2.157422027848291124e-01
-1.787210378025002600e-01
-9.952803510417050636e-02
-1.988541070506565922e-01
-1.032523427637444154e-02
-1.803790522120377882e-01
-1.799470199590131325e-01
-2.189010963687932354e-01
-8.533649611380129951e-02
-1.751754002847281944e-01
-1.815647945330467750e-01
-1.728513437083565030e-01
-7.170970417605754266e-02
-2.214899919443980292e-01
-1.873251528053474502e-01
-2.011137055231113080e-01
-2.233218521959396130e-01
-5.896298697005000755e-02
-2.242717969129935374e-01
-1.708878501433417907e-01
-1.779050321211100572e-01
-4.734078741707878346e-02
-2.033968735538660144e-01
-1.739159489541423631e-01
-3.701265362281422333e-02
-1.880522091620881187e-01
-9.790086049063317572e-03
-1.775559669651133321e-01
-1.707900317036824267e-01
-2.807687661008918464e-02
-2.054497626517194364e-01
-1.661409363537862671e-01
-1.762632872489950375e-01
-2.056972121519045488e-02
-1.739657424849480882e-01
-1.694222190032831921e-01
-1.767033584397149915e-01
-1.638807684274350418e-01
-1.447369783500612912e-02
-1.627406568153695887e-01
-2.070672579688443704e-01
-9.715878949391337088e-03
-1.768194661054557359e-01
-1.891446269444217176e-01
-6.164964600736473795e-03
-1.541159188880408537e-01
-3.646924563729966526e-03
-1.762659838121251044e-01
-1.968667830354417937e-03
-2.080992648815462032e-01
-9.371675714299585076e-04
-3.710643795570314719e-04
-1.091417752138707344e-04
-1.824626047212342105e-05
-6.608227171660966162e-07
-2.084327683120026087e-01
-1.438136191586463775e-01
-1.620793192191688770e-01
-1.676434940275874363e-01
-1.725919271809413236e-01
-1.321577363685826900e-01
-1.664553303616727875e-01
-1.751611804062880584e-01
-1.903477665276584185e-01
-1.764221612541900519e-01
-1.195167354311015701e-01
-1.607138127485436274e-01
-1.914469928882479299e-01
-1.561871738903453100e-01
-1.062851894063001207e-01
-1.733212211274934300e-01
-1.539908143285991793e-01
-1.922753257441388863e-01
-1.654829059505995847e-01
-9.286219991307913257e-02
-1.764676767149048198e-01
-1.927201526892510230e-01
-1.666539887986476232e-01
-7.962901815019593488e-02
-9.118391645679018928e-03
-1.523510477042927524e-01
-1.580266748435440183e-01
-1.565479570282596322e-01
-1.767412235253035258e-01
-1.706861176721407580e-01
-6.692861750155301714e-02
-1.640787346814221170e-01
-1.498020922445290337e-01
-5.504964747699666455e-02
-1.770672351915418552e-01
-1.453961223102805678e-01
-4.421634787623263119e-02
-1.773162869983101742e-01
-1.432625249777569887e-01
-1.773877303020212348e-01
-1.534284270271021600e-01
-3.458507775838792764e-02
-1.632256471025939903e-01
-1.672013309233645606e-01
-1.597399374302503894e-01
-2.624734685627602010e-02
-1.417821525435835339e-01
-1.923774463688548639e-02
-1.486776324156189322e-01
-1.447303066812673789e-01
-1.627477152272223393e-01
-1.354116714953644898e-02
-9.091731649277068339e-03
-5.769640023109053224e-03
-1.511631734817620865e-01
-3.413342961734453559e-03
-1.842674560793330918e-03
-8.772199243456047695e-04
-3.473357981224896415e-04
-1.021635331874985514e-04
-1.707971092428049788e-05
-6.185744524319199562e-07
-1.381631289477481261e-01
-1.625085089369606717e-01
-1.624140229064276186e-01
-1.338750021065401030e-01
-1.628188556299017820e-01
-1.318026351276453678e-01
-1.495865538537883010e-01
-1.407938629810883968e-01
-1.518701756281737592e-01
-1.628689213738570285e-01
-1.607113207884787176e-01
-1.564703897040638503e-01
-1.633300859931176852e-01
-1.502506333444244557e-01
-1.304777282557337825e-01
-1.485631110858290915e-01
-1.384842286160015978e-01
-1.323255780869413145e-01
-1.422400124349616768e-01
-1.630408045364576120e-01
-1.479904455060579438e-01
-1.378404749774670424e-01
-1.326905732479341515e-01
-1.477882894189981589e-01
-1.259316486358223464e-01
-1.575078478667902293e-01
-1.219061534839084998e-01
-8.370018512046890902e-03
-1.621947359790361365e-01
-1.217574384903341300e-01
-1.197446211826740242e-01
-1.357440895712934970e-01
-1.102281837202866432e-01
-1.277425308044751462e-01
-1.430829226144421928e-01
-9.802084030901403455e-02
-1.344046054570801896e-01
-1.607177782894008422e-01
-1.185695996535831159e-01
-1.194958482745759470e-01
-1.275469495729446012e-01
-1.337529749431929094e-01
-8.564882721299388324e-02
-1.243017187235013338e-01
-1.132689759137280733e-01
-7.345878082350056071e-02
-1.512519102837839857e-01
-1.092048315173402701e-01
-1.585392903277242360e-01
-6.176182453660769567e-02
-1.219126677144269366e-01
-1.072486844017982305e-01
-1.144640919355595365e-01
-5.081995142208547284e-02
-1.205071762502604726e-01
-1.334478164073338580e-01
-1.200271429582796395e-01
-4.083737991509961418e-02
-1.064305917145196151e-01
-1.062158616874832318e-01
-1.159951417299189547e-01
-1.107595510904172686e-01
-3.195738018295502664e-02
-1.555915566223712021e-01
-1.003615776228243689e-01
-2.426465279804781300e-02
-1.440586011503816877e-01
-1.083236151771438671e-01
-1.779223492971488546e-02
-9.640209178199685147e-02
-1.252801385920708499e-02
-1.011686401498751581e-01
-9.450014245617772979e-02
-1.071161307157846160e-01
-8.413451658634947539e-03
-5.339948290242342056e-03
-3.159398693204830671e-03
-1.705674563321930457e-03
-8.120279076387082202e-04
-3.215296436977949134e-04
-9.457404989913177564e-05
-1.581096440922410021e-05
-5.726248575887362766e-07
-1.230599063630637841e-01
-9.333377519361422958e-02
-9.744293922649364947e-02
-9.360532148655489881e-02
-1.518146905760708598e-01
-1.039848120721536540e-01
-9.522021099002805911e-02
-8.741747306809247164e-02
-9.446796413216901334e-02
-1.359595677506978129e-01
-8.355695133137028274e-02
-8.808389337743242897e-02
-8.170619186561943470e-02
-8.459266712272270339e-02
-8.043712602702363101e-02
-1.471627041716035700e-01
-1.120430048591852940e-01
-8.093888037068086572e-02
-8.284987806198428062e-02
-7.600833369976254042e-03
-9.169730192052386042e-02
-7.466210428497888074e-02
-7.544887373874432923e-02
-7.089424504625330137e-02
-1.491946717402476974e-01
-1.471927896564868277e-01
-6.909135815340940179e-02
-1.270138354335780817e-01
-1.432796262941158083e-01
-1.496641783937787684e-01
-7.245372585736868654e-02
-1.375537672845447146e-01
-7.144426672642691101e-02
-6.797649284860786401e-02
-1.301916858951691347e-01
-1.495017711772104463e-01
-1.214297108723725871e-01
-6.844273696291328091e-02
-1.416081539787307497e-01
-6.233211225578411119e-02
-1.005486864598013896e-01
-6.350665652938464190e-02
-1.115476918837320919e-01
-1.488847933813605418e-01
-7.933668209636120239e-02
-5.865001919294086236e-02
-6.126701942823555014e-02
-5.689137560838895824e-02
-1.008600396749218531e-01
-5.619335398811030335e-02
-8.969805766649487089e-02
-1.173085767095856241e-01
-1.477353452598717531e-01
-5.635107772494670625e-02
-5.249619422350561976e-02
-5.066819227331816750e-02
-7.839156030842597822e-02
-5.125321657560203553e-02
-4.706424916402034836e-02
-1.351457526128146680e-01
-6.725281426334406287e-02
-6.712506078007116073e-02
-4.534584827537847113e-02
-8.875354991914885527e-02
-4.532538181728056059e-02
-1.459758494613382918e-01
-5.656589001217011276e-02
-4.264439625663078715e-02
-3.990697050717030570e-02
-4.656405070521257850e-02
-4.490314745252506345e-02
-3.637285754117992875e-02
-1.069615037428949533e-01
-3.743541526745147036e-02
-3.559783534899044893e-02
-3.469029998133387610e-02
-3.415249838082717176e-02
-5.529240504798707545e-02
-2.930944356523145639e-02
-1.435294056472845858e-01
-3.027251080004988645e-02
-7.685859707338994762e-02
-2.226427123777418790e-02
-1.277966366694134048e-01
-3.433266761689068858e-02
-1.633223331695937350e-02
-2.679935451380460049e-02
-2.721656099760249789e-02
-1.150382754887495189e-02
-2.514832531738257423e-02
-7.727382745874492032e-03
-4.905159062800297162e-03
-2.902379453606528277e-03
-2.197006281174396572e-02
-1.566993130274696661e-03
-7.460287422492322719e-04
-2.954023162325802713e-04
-8.688986376752140387e-05
-1.452637069132381057e-05
-5.261012151639223617e-07
-2.035657606569710523e-02
-4.407897400045163866e-02
-1.854842731901284666e-02
-2.486430168097739438e-02
-9.611745973297666779e-02
-1.692370870770264560e-02
-1.403259347243077937e-01
-1.517699809154325792e-02
-6.508084045268580642e-02
-1.179693542554789004e-02
-1.003977381432773208e-02
-1.019347296429625252e-02
-1.196100573801301692e-01
-1.670042625553820950e-02
-3.371648412381639259e-02
-6.692936425164552026e-03
-5.105490734865793072e-03
-3.363521377205040165e-03
-1.001620733682535673e-02
-1.787238275119535898e-03
-1.363084486516772664e-01
-6.850207142704040943e-03
-2.151044146945147633e-04
-5.364931517670684658e-02
-8.494777901386846297e-02
-2.442620783616672800e-02
-4.967174293924883112e-03
-1.670483448134878115e-03
-1.082289269693178819e-04
-1.106648367240811587e-01
-1.641132236853654058e-02
-4.279768253837328007e-02
-1.335888487513906163e-06
-1.314383213758752444e-01
-7.364652740099329742e-02
-9.849419220177561829e-03
-4.884435524100400570e-03
-3.275659505521474196e-02
-1.643930620271914170e-03
-1.069920607928248569e-04
-1.010695286665982268e-01
-1.359921684981114098e-01
-1.341502445840648261e-01
-1.305668426219831757e-01
-1.364579644885274279e-01
-1.253338741018632796e-01
-6.242574760905519188e-02
-1.186149460516304904e-01
-1.363949735675172026e-01
-1.256999387467209184e-01
-2.374532257822601147e-02
-2.980545593527112196e-06
-1.106258094761335409e-01
-1.016243390256305057e-01
-1.359648408549906096e-01
-9.189569426454463619e-02
-1.596350899604447732e-02
-9.096131116062937394e-02
-8.174071270478834583e-02
-5.150938179838478875e-02
-1.350889264419456726e-01
-9.585080555118559789e-03
-7.145511110616273309e-02
-1.191035124913641108e-01
-2.313886279954033409e-06
-4.755732353626359460e-03
-6.132247718996289287e-02
-1.601924120855902772e-03
-1.336863705468299968e-01
-5.159635953262124708e-02
-1.048697793957058944e-04
-4.112655376824332631e-02
-4.249028680043089728e-02
-8.050298912059683509e-02
-3.417542126441103917e-02
-3.040640890117646571e-06
-2.676868935717134981e-02
-1.316751337864195959e-01
-3.149987211321106373e-02
-1.116885536204048068e-01
-2.034277925794229086e-02
-1.492838963271864335e-02
-1.051830261886857291e-02
-7.066915843314079161e-03
-4.486491834903966712e-03
-2.654849562099378252e-03
-6.988271576375200411e-02
-1.433413920472861045e-03
-6.824513191177938648e-04
-2.702321135769359122e-04
-7.948694086053415334e-05
-1.328878245150420368e-05
-4.812798450946486254e-07
-2.284857666600199899e-02
-1.289786054121470349e-01
-6.491304703674076250e-06
-1.536820970683888503e-02
-1.035242706301624793e-01
-5.930440425668472015e-02
-9.230398564938246259e-03
-1.255321137422387989e-01
-4.611610146722227611e-03
-6.102540208371065242e-03
-1.548767147348733197e-03
-1.041422154918493064e-04
-9.470989205258026344e-02
-4.898497204842264946e-02
-1.053049355221647168e-05
-1.212886234249041795e-01
-8.395133650267150148e-06
-3.914690681155706675e-02
-8.537352490434067798e-02
-1.031893577698607316e-05
-3.001065915139639398e-02
-1.162234758189682193e-01
-2.178610734489848377e-02
-7.566982826257724615e-02
-1.237393047461059631e-01
-1.220525642200071537e-01
-1.466516832835787487e-02
-1.187839470797347197e-01
-1.241919676983518628e-01
-1.103375927642895882e-01
-1.140169253646330094e-01
-1.079047871714640255e-01
-1.242013872411076303e-01
-8.815910245628798270e-03
-1.006400531806417309e-01
-6.577644409247350443e-02
-9.245957526261247561e-02
-1.239146811087537825e-01
-4.379293922574007888e-03
-1.106307773708956784e-05
-8.362124281518514002e-02
-1.476922409228817587e-03
-9.774367084793764138e-05
-7.439572058741471261e-02
-1.232548603696271006e-01
-1.036620726937393655e-01
-6.505243860418610802e-02
-3.691489189235561344e-06
-5.588947823137528637e-02
-5.584572722993084298e-02
-1.221408306155703088e-01
-4.700679354715939923e-02
-3.872649186408189809e-02
-3.115901567168104583e-02
-4.621432128484850160e-02
-9.625527710951338467e-02
-2.441460086002674584e-02
-1.204888861986261883e-01
-6.799460049374120158e-06
-1.856031318494119620e-02
-1.362471499618160033e-02
-9.602322546448821897e-03
-6.452742269445552702e-03
-4.097074977468386642e-03
-2.424592588105858437e-03
-3.696918747896153074e-02
-1.309152783711470128e-03
-6.233080975732984428e-04
-2.468170729287711817e-04
-7.260015502621192259e-05
-1.213747264617468480e-05
-4.395831296943502733e-07
-1.182193421725289545e-01
-8.820718767818376549e-02
-7.289152077851402932e-06
-2.836438486016906735e-02
-1.152631081330306451e-01
-5.506224675985732335e-03
-2.060257846452695843e-02
-5.432600625196654966e-05
-7.963604560505151142e-02
-1.387286120739573102e-02
-8.345737217377415321e-03
-1.115675370058102078e-01
-4.149384291887302408e-03
-7.068654755132820766e-02
-1.401378209960982843e-03
-9.390886288727440592e-05
-6.740302860481658797e-06
-1.071013221284743272e-01
-6.152638670431705148e-02
-1.768438278234234451e-05
-7.390589119028527262e-06
-1.018582961477933480e-01
-5.234158704685321073e-02
-4.333072757153127313e-02
-9.586007071814073299e-02
-1.126733949748512653e-01
-1.111312200142794276e-01
-1.081519838109361309e-01
-1.131067503260492768e-01
-1.038119824040397293e-01
-9.824881949487850041e-02
-1.131658194134891604e-01
-3.469839104172743605e-02
-9.164267561959132946e-02
-1.113400484201812738e-05
-8.420548583051797042e-02
-1.129846097639843894e-01
-7.617019179839167042e-02
-8.915703020364372511e-02
-2.664818603439888384e-02
-6.778261134125292131e-02
-1.124892762135740881e-01
-5.928613642003822265e-02
-5.091135804854342306e-02
-1.937554551783363457e-02
-1.116006161729619500e-01
-4.286585420117751399e-02
-3.532613137437928819e-02
-8.182956706861851948e-02
-1.306058140551482304e-02
-2.843212249013843396e-02
-7.396102758429387530e-06
-2.228457533985695252e-02
-7.861284117800760099e-03
-1.102357950013283100e-01
-1.694565001466529636e-02
-1.244251263418701126e-02
-3.910598524643223335e-03
-8.771041982674527074e-03
-5.895235401993359145e-03
-1.322574401918910018e-03
-3.743601984135439421e-03
-2.215625002133152308e-03
-1.196373098620014423e-03
-5.696277875620464615e-04
-2.255638020693385938e-04
-8.900102528004518484e-05
-6.634857867759437738e-05
-1.109238662031090180e-05
-4.017334719644917234e-07
-7.398583442380841924e-02
-1.009083741022576899e-05
-1.083147628973823717e-01
-3.279933073474505044e-06
-6.576012828223910811e-02
-1.057667006461402576e-01
-4.993378325725118458e-03
-3.730149920791021948e-05
-5.730950900291944400e-02
-1.025358413905277932e-01
-4.880937899310410638e-02
-9.858641387684723145e-02
-1.855204295663152910e-05
-4.044793962047381342e-02
-2.070340240258154051e-05
-9.390653176604013552e-02
-3.241966296247668355e-02
-2.491840195537746439e-02
-8.851091607876464262e-02
-1.813060704885684910e-02
-1.500164685294538426e-05
-1.222844911049640604e-02
-8.244239424224876489e-02
-7.363502423979977930e-03
-3.663893582055916583e-03
-1.028596545745146806e-01
-1.014485055906213240e-01
-9.872870379952981834e-02
-1.032704128380355635e-01
-9.476970616728749852e-02
-1.238845778508645924e-03
-8.969693395262465230e-02
-8.298417798536713034e-05
-1.033616974628669000e-01
-8.367407080034751365e-02
-7.689091515808697819e-02
-7.577540429837249791e-02
-1.032558477620097726e-01
-2.533657076805268425e-06
-6.957080055238926142e-02
-6.192403511820805673e-02
-1.028829086610784510e-01
-5.417585589066418322e-02
-4.653593749440947114e-02
-6.859827539292723264e-02
-6.275024358977708647e-06
-1.021668276583725526e-01
-3.919321660883530456e-02
-3.617164421473538291e-06
-3.230875261811964189e-02
-2.601066002392637966e-02
-2.039164310845592229e-02
-1.010272518133025488e-01
-1.550941694807842809e-02
-6.104581312655613795e-02
-1.138980469573568771e-02
-8.030047694504185291e-03
-9.886312618799226762e-06
-5.397773994663386185e-03
-3.428023833230099595e-03
-2.028981344221645125e-03
-1.095666127728792735e-03
-5.217049478815662111e-04
-2.065936010057009954e-04
-6.076980308768236756e-05
-1.015971070998240924e-05
-3.679549054975856547e-07
-9.938561260249186013e-02
-5.326069381418149090e-02
-1.517837481542048921e-05
-9.717131884866452018e-02
-4.644746126738115606e-03
-4.540729455039591023e-02
-9.432743144021032977e-02
-3.766293924297635376e-02
-3.021184298502379434e-02
-9.081555251359464676e-02
-2.260657929499504027e-05
-2.323806543762981305e-02
-8.661973261649276445e-02
-1.691842737391209550e-02
-2.251904546026262853e-05
-1.141658450021561765e-02
-6.877379176973780553e-03
-8.174926227165708881e-02
-3.423088212588264179e-03
-1.157637069588113255e-03
-7.756547185679459739e-05
-2.568995849826092564e-06
-7.624027499952308606e-02
-1.049548426778406826e-05
-3.467008057948047463e-06
-7.015614813204887334e-02
-9.425844252240037080e-02
-9.296390382260137641e-02
-9.047296983544114712e-02
-9.464549394919073710e-02
-8.684899136796825347e-02
-6.358671378662889007e-02
-8.220664945493753872e-02
-9.475646229532100340e-02
-7.669538097612482730e-02
-7.049105955151938052e-02
-9.470339134318815633e-02
-6.378800402304998785e-02
-5.574054575794048277e-06
-5.678880935751973863e-02
-9.442044885833542067e-02
-5.664605070902049150e-02
-4.969525940084645876e-02
-4.269766259967038707e-02
-9.383533189128367979e-02
-3.596947219098574344e-02
-2.965837054181577614e-02
-5.465760763745395250e-06
-2.388212369110992786e-02
-4.947034629381662912e-02
-1.872634418241328480e-02
-9.287104375570301440e-02
-1.424480151084133762e-02
-1.046215785006723853e-02
-7.376731140292861616e-03
-4.959186604158341387e-03
-3.149880882740950083e-03
-1.864540724544394351e-03
-1.006917572837836596e-03
-4.794531706400568995e-04
-1.898626022766101550e-04
-5.584845915067970763e-05
-9.336952248974546268e-06
-3.381570974682071061e-07
-4.221370045987560271e-02
-9.145160376401717528e-02
-1.598122952422328501e-05
-8.134516456777290987e-06
-3.504204969175536005e-02
-8.950792556514138021e-02
-4.373835143871695336e-03
-2.812874212022607734e-02
-8.698327288755405839e-02
-2.164826365708046041e-02
-1.576922447030214974e-02
-8.383802318111151231e-02
-1.064640820660103619e-02
-6.416103472269102555e-03
-3.193813129453053085e-03
-1.954878692658861943e-05
-1.077590242465760375e-03
-8.005353065819152680e-02
-7.159713250789140435e-05
-2.309885052692394897e-06
-7.563493947432550768e-02
-4.605899604462016731e-06
-1.102151868383647676e-05
-7.061285946775977540e-02
-6.504387986643021813e-02
-4.593699288390398033e-06
-5.900994557561722170e-02
-8.338878874070042982e-06
-5.261663935824963806e-02
-8.677601165885399925e-02
-8.558398593407495758e-02
-8.329286904696860117e-02
-8.713973795343465945e-02
-7.996067563773733011e-02
-7.569267216097813611e-02
-8.726179309756730562e-02
-7.062590868131933541e-02
-6.492163142026365075e-02
-8.724520173800032197e-02
-5.036685436397557977e-06
-5.875763187324251069e-02
-4.599035494554322423e-02
-5.231968568362724281e-02
-8.702817367363835377e-02
-4.579310592272196889e-02
-3.935358853148812619e-02
-8.654231839822412731e-02
-3.927404667875044469e-02
-3.315953165388898366e-02
-2.734691707851724662e-02
-2.202466001153115943e-02
-1.727222767962153724e-02
-8.571435700727732254e-02
-1.313986640007809223e-02
-3.262455429939341289e-02
-9.651131410857868853e-03
-6.805161663811690187e-03
-4.575193339356683347e-03
-2.906204455108765249e-03
-1.720442721425554907e-03
-9.291689715024751108e-04
-4.424553885659083087e-04
-1.752163986069845618e-04
-5.154083496987780957e-05
-8.616816088348649077e-06
-3.120760306945165366e-07
-8.447145643806858173e-02
-2.620438132892626351e-02
-1.297325362175640990e-05
-2.017704766492455642e-02
-8.274677468521771107e-02
-4.084385115904719254e-03
-6.046611739986198098e-05
-1.470124951190323638e-02
-9.926519405471614585e-03
-4.286915274455248569e-05
-8.048466345190961879e-02
-5.983105207845826334e-03
-2.978331324873744086e-03
-1.006659563982502002e-03
-6.698841015378058448e-05
-7.764526357264921186e-02
-2.246985085984615494e-06
-7.420827972041599274e-02
-3.214821837954639196e-06
-7.017577467039023964e-02
-8.565715162475624823e-06
-2.824972679423938032e-06
-6.557388372027292411e-02
-6.045341468707066818e-02
-5.488935181022527171e-02
-6.961466274433816840e-06
-4.350593064542323584e-06
-4.897930466173809616e-02
-4.284094120248281568e-02
-8.029737576280052136e-02
-7.919468620720208907e-02
-7.707683064829487507e-02
-8.063910280192340685e-02
-7.399721433116018821e-02
-7.005293588852633258e-02
-8.076658203928811786e-02
-6.537034853040453453e-02
-3.660844799151980605e-02
-6.009807953998079488e-02
-8.077499509003788214e-02
-5.440001194889540481e-02
-6.184944920557374957e-06
-4.844746555433988161e-02
-8.060634218577754362e-02
-4.241111536636969770e-02
-3.042809301779893921e-02
-3.645322826861847887e-02
-8.019604622127977922e-02
-3.072077449078704919e-02
-3.498303227203737667e-06
-2.533920075921180376e-02
-2.445327549563669836e-02
-2.041103197513615894e-02
-1.600828891394889472e-02
-7.947458139278512634e-02
-1.217869980092807329e-02
-8.945059932582061918e-03
-1.883705682718311500e-02
-6.307253339026223406e-03
-4.240650004138977677e-03
-2.693973905394293940e-03
-1.594981110165503762e-03
-8.614838624595016212e-04
-4.102462634820096634e-04
-1.624655424394804695e-04
-4.779060199843834393e-05
-7.989859928244593312e-06
-2.893696298276092449e-07
-7.837245400276529605e-02
-1.373123184168411823e-02
-9.273970309667865439e-03
-5.585412015160348340e-03
-7.682542184435559030e-02
-3.999494354323069288e-03
-2.786259005336528226e-03
-9.412092051224959545e-04
-6.282437221833153554e-05
-7.477943528111372085e-02
-3.077221437919077434e-06
-7.219504414624909605e-02
-3.980204923506792296e-06
-9.187964093658966259e-06
-4.738939263033312405e-06
-6.905105715226593499e-02
-8.601322857554921284e-06
-7.750135020378437917e-07
-6.534728862928292081e-02
-6.110628507836463053e-02
-5.637398851064426980e-02
-2.184412823874881942e-06
-5.121934785058483708e-02
-3.972990897298748759e-06
-4.573291504314775519e-02
-4.002446299129151785e-02
-3.421966730974707049e-02
-2.184482508152083153e-06
-7.470529438491732566e-02
-7.367993895597417520e-02
-7.171159283382266825e-02
-7.502689103894638611e-02
-6.884970567494944071e-02
-2.845592902395749357e-02
-6.518433786191017709e-02
-7.515622271356446615e-02
-6.083265085167022246e-02
-5.593244808598239748e-02
-7.518170289399127293e-02
-5.063569809985341008e-02
-2.287748177400568406e-02
-4.510131964929803283e-02
-7.504879076127958515e-02
-3.948772294392910442e-02
-3.394562319021606628e-02
-4.232570224752235899e-06
-1.763000315892016695e-02
-7.469648038732759621e-02
-2.861161481035441947e-02
-2.360292871413443086e-02
-1.285501221593032123e-02
-1.901370798264676379e-02
-1.491312688630811942e-02
-7.405884220201340573e-02
-1.134574804236794347e-02
-8.684303990038106172e-03
-8.333175592822658975e-03
-5.875892046304479963e-03
-3.950850477457386670e-03
-2.510095442457522391e-03
-1.486243633178906814e-03
-8.028029250291517224e-04
-3.823162612379923963e-04
-1.514075590073772485e-04
-4.453813929739389768e-05
-7.446113944322421745e-06
-2.696768124324380000e-07
-5.234890781547159311e-03
-7.306968254063753165e-02
-2.605455356895085544e-03
-8.798374658692353998e-04
-5.772404338791772789e-05
-4.136417609078904229e-06
-8.303027796284991423e-06
-7.166745853369629882e-02
-3.844197410838330956e-03
-1.953777714863551702e-05
-6.979996532803882381e-02
-1.988783515019108577e-06
-6.742855018690602220e-02
-1.234353289879191458e-06
-6.453164323907141509e-02
-6.110743750233364746e-02
-5.717560576465089556e-02
-1.300317899372697979e-06
-2.138434244373498180e-06
-5.277800604544335972e-02
-1.514452726891569199e-06
-4.797838261321804576e-02
-4.286109531873465162e-02
-2.568902349334852485e-06
-7.876533798935009272e-07
-3.752890946870474781e-02
-3.209988247466010608e-02
-2.670341864365090301e-02
-6.989004951090939388e-02
-6.893127394812699482e-02
-6.709145566779455006e-02
-2.147562600863174576e-02
-7.019363969251667112e-02
-6.441666248061325706e-02
-6.099091797168159496e-02
-7.032268994563557751e-02
-5.692351196391670642e-02
-5.234298829725398533e-02
-7.035981592367189508e-02
-1.655418239385944568e-02
-4.739112801162563560e-02
-4.221624615840678663e-02
-7.025357780714001910e-02
-1.705777766556962770e-06
-1.207298254553645749e-02
-3.696625696957211993e-02
-3.178198280747480259e-02
-6.994623010272187080e-02
-8.156858320823160910e-03
-2.679115954541684899e-02
-2.210353034050948143e-02
-8.975911518460897485e-07
-4.916579499382062526e-03
-1.780736030419164187e-02
-1.396768594659334242e-02
-2.445853471197254828e-03
-6.937517906841274284e-02
-1.062654930995437369e-02
-8.248841657596177410e-04
-7.804815392666294982e-03
-5.349500432353407288e-05
-5.503268576623991139e-03
-3.700448786730187352e-03
-2.351180004282797664e-03
-1.392251588588278976e-03
-7.520739293099669995e-04
-3.581695734155882112e-04
-1.418471465364321981e-04
-4.172611568187478492e-05
-6.975998495646483436e-06
-2.526506535613783539e-07
-4.005028032957597811e-09
-6.847735609879829211e-02
-6.719385555939376420e-02
-9.478575435823772908e-07
-3.737187198637688217e-03
-6.547438452493614669e-02
-5.756708036821884975e-07
-6.328128999977068736e-02
-2.623841734154916144e-06
-6.059295852956431833e-02
-1.018494342364478367e-06
-5.740642127164537895e-02
-3.272043403374530413e-07
-5.373904933593579708e-02
-1.178852099076539845e-06
-4.962928660275071902e-02
-4.513642208290659374e-02
-2.860994334899090953e-07
-4.033943031802068868e-02
-3.533490882006320999e-02
-3.023414611480322589e-02
-6.085535184704756985e-07
-2.515938930163045401e-02
-2.023944288254132112e-02
-6.575368379601997937e-02
-6.485196181941484117e-02
-6.312226598268891320e-02
-6.604144302425621338e-02
-1.560479525742611284e-02
-6.060777941278637504e-02
-5.738736626861173917e-02
-6.616902997191505265e-02
-5.356359322107611537e-02
-2.879730939894188155e-07
-4.925709946369799530e-02
-6.621412410931791503e-02
-1.138250989398236108e-02
-4.460097015911580753e-02
-3.973446633485497315e-02
-6.612803074216128119e-02
-7.691134964229698334e-03
-3.479653333047640767e-02
-4.635879945883231851e-03
-2.991952957958475198e-02
-4.150525347138687085e-07
-6.585592906319287509e-02
-2.522359819784229101e-02
-2.305793219488885392e-03
-7.771484771879012474e-04
-2.081205063071580458e-02
-5.010017725336555458e-05
-1.676808074235016863e-02
-1.315311410183719540e-02
-6.533825199511138215e-02
-9.151014873691687017e-10
-1.000702836175775337e-02
-7.349824002231605986e-03
-5.182504472592355110e-03
-3.484887716471621495e-03
-2.214332184341910072e-03
-2.735902804200351343e-13
-1.311281397168643755e-03
-7.083600713794745976e-04
-3.373583277545548920e-04
-1.336067284775206102e-04
-3.930228786802933129e-05
-6.570779249838545943e-06
-2.379748304917192263e-07
-6.451480814652546525e-02
-1.727025410652764789e-08
-6.332917218640274348e-02
-3.592120828402327933e-03
-6.173291794057431808e-02
-1.147505287932279732e-07
-5.968947053545543141e-02
-3.224517700308246347e-07
-4.279360996366594932e-07
-5.717737856659407814e-02
-5.182882587869102953e-08
-5.419284141876283545e-02
-5.075137551373901101e-02
-4.688856361080345758e-02
-4.265988530429374453e-02
-4.608973546242244656e-08
-3.813965350893667311e-02
-3.341908272776011185e-02
-1.303871420494897797e-07
-2.268384913758487586e-07
-2.860351922980045730e-02
-2.380889722984481580e-02
-1.915754559719140548e-02
-4.552163686386922795e-08
-1.477353223347005126e-02
-6.221115593742394118e-02
-6.135811934557701408e-02
-1.616856660117539739e-07
-5.972245633280946070e-02
-6.248517275408025512e-02
-5.734489502794861554e-02
-5.429990509843091173e-02
-6.261071485158317684e-02
-1.077777991558580631e-02
-5.068432753211763592e-02
-4.661207092923631834e-02
-6.266127812999200408e-02
-7.283202804479096092e-03
-4.220881545117546180e-02
-3.760610905266826426e-02
-6.259057338332352227e-02
-4.390079250312610773e-03
-3.293525091945997962e-02
-2.183336412576142652e-03
-2.832137587402373466e-02
-7.355776387509867361e-04
-6.234636800006679996e-02
-4.722468303273553525e-05
-2.387813678839215484e-02
-1.970333429478498752e-02
-1.587579811236656049e-02
-8.915249144172539611e-10
-1.245381377136639371e-02
-6.187179600807837104e-02
-9.475320123434889663e-03
-6.959463918926788763e-03
-4.907362781229182222e-03
-3.299967667933127215e-03
-2.096899191505777974e-03
-1.241774885421140446e-03
-6.708260173962262958e-04
-3.194866288509333051e-04
-1.265295756627338793e-04
-3.722052319656166282e-05
-6.222742197437034501e-06
-2.253699496878576020e-07
-6.110926127920775219e-02
-7.674689256213929979e-11
-6.000460978270306250e-02
-3.431466874626393649e-03
-5.431439351688545345e-08
-5.851116856730315119e-02
-5.806013132788992647e-10
-1.534169157675169213e-08
-5.659343789576881667e-02
-5.423024399232632270e-02
-1.217193694261895605e-09
-5.141719068067777954e-02
-4.816829384805816627e-02
-8.667943852579636918e-09
-4.451674050667149551e-02
-1.341706657466672522e-08
-7.664424894150555281e-10
-4.051476671637947724e-02
-3.623267517953557976e-02
-4.001744025346171693e-09
-3.175701521265168054e-02
-2.718795271451131951e-02
-7.341869827341098095e-09
-2.263589100284486497e-02
-1.821746225636561994e-02
-8.644666832218911406e-10
-1.405107055382069994e-02
-5.918991975624487978e-02
-5.837825295700590361e-02
-5.682256142680383593e-02
-5.945211430907626493e-02
-5.456149091094863318e-02
-5.166578268116855249e-02
-5.957538695417192998e-02
-1.025221045242107228e-02
-4.822741937274190732e-02
-4.435459868713702986e-02
-5.962969936685092592e-02
-4.016671642298066947e-02
-6.928794519549715154e-03
-3.578877189549088678e-02
-5.957085016216132067e-02
-4.176706688911189028e-03
-3.134556801396739395e-02
-2.077195551313105841e-03
-2.695609637227930691e-02
-6.997102090378737966e-04
-5.934887007217856669e-02
-2.272848286785709646e-02
-4.484311273938526181e-05
-1.875582558167850425e-02
-1.511321565549634226e-02
-8.576831741767000623e-10
-1.185622339982754514e-02
-5.890927041209850085e-02
-9.021067950645889066e-03
-6.626081533048228632e-03
-4.672426757499556493e-03
-3.142055026771131687e-03
-1.996587913916967900e-03
-1.182383495266460397e-03
-6.387463305929563708e-04
-3.042097237145373551e-04
-1.204795985961897833e-04
-3.544087485477239266e-05
-5.925212727544164183e-06
-2.145942990105156180e-07
-5.819675769282177391e-02
-1.356007724789546243e-11
-5.715921586559472717e-02
-6.464122553251269828e-08
-3.266181465295905917e-03
-5.575157401223335141e-02
-1.438562410888116513e-08
-3.730612371129017902e-10
-5.393935509452473659e-02
-4.319576231763523967e-08
-5.170171963823865652e-02
-1.693997486885044690e-10
-4.903384630952238588e-02
-4.594853422723806091e-02
-2.069339963268562210e-08
-4.247696700797210650e-02
-1.374159391473483616e-10
-3.866862917285222162e-02
-2.808683575419004788e-09
-3.459039187334669169e-02
-3.032478794648789389e-02
-8.023539162963338734e-09
-2.596750222782863438e-02
-2.162413576843685500e-02
-1.740635943748079090e-02
-1.289199266510125729e-10
-5.662881107175393031e-02
-5.585212146265243482e-02
-5.436407675100756592e-02
-5.688090304295197186e-02
-5.220156591287868769e-02
-1.342763128217709136e-02
-4.943218344968174083e-02
-5.700188253207526951e-02
-4.614381121502811323e-02
-4.243982640601847572e-02
-5.705873453509330284e-02
-9.798693474153073388e-03
-3.843431912528110644e-02
-3.424675759604807468e-02
-5.700905129868578947e-02
-6.623074100461641238e-03
-2.999645446498860196e-02
-2.579720503822559644e-02
-3.992803137797772822e-03
-5.680481943063260541e-02
-2.175245483765136587e-02
-1.985887826603029930e-03
-1.795131299330520250e-02
-6.689956591941286727e-04
-4.288278347807688353e-05
-1.446568968817115754e-02
-1.134882871092233146e-02
-5.639361498009877460e-02
-8.635448605070804654e-03
-8.193102643524474254e-10
-6.343136193546145343e-03
-4.473059254771136195e-03
-3.008038747916636814e-03
-1.911437100786153934e-03
-1.131956085919450091e-03
-6.115035947154506086e-04
-2.912348844109320461e-04
-1.153410230623498872e-04
-3.392929248276068066e-05
-5.672498370461853312e-06
-2.054417131220204285e-07
-5.572215703347604965e-02
-1.097781485280329241e-09
-5.474012638080689302e-02
-3.108290117602224064e-03
-1.370168111212150912e-07
-3.641871999177807765e-07
-5.340388422692958492e-02
-4.769322604234487099e-09
-4.012985133972677822e-09
-2.565920817037710637e-07
-5.167989470520160250e-02
-4.954767108256175057e-02
-1.904050266757094677e-09
-4.700209140273282210e-02
-5.827521262765985657e-08
-4.405496973512341985e-02
-4.073582175399118044e-02
-3.709181207505766326e-02
-1.573700462715246868e-09
-3.318689679899320538e-02
-1.004903997295553198e-09
-2.910017893117836790e-02
-1.360252889868679270e-08
-2.492350137034131732e-02
-2.075833448082330460e-02
-5.447673636988520363e-02
-5.372941062953917601e-02
-5.229814163850878689e-02
-5.472025219342153274e-02
-5.021834874305040192e-02
-4.755499075247381080e-02
-5.483902717394030513e-02
-1.671207022049256419e-02
-4.439251519765750886e-02
-4.083026220945835949e-02
-5.489755039316128460e-02
-3.697787766452585029e-02
-1.511402981616758433e-09
-1.289389144493763469e-02
-3.295019506633053291e-02
-5.485493636025490227e-02
-2.886192403054178152e-02
-2.482250007898045147e-02
-9.410424944769717887e-03
-5.466483946247874259e-02
-2.093143803865869790e-02
-1.727449270463833272e-02
-6.361396137454474950e-03
-1.392089411341874451e-02
-1.092191851924248502e-02
-3.835488046085965084e-03
-5.427660358854984046e-02
-8.311004726834294448e-03
-6.105090519322699076e-03
-1.907888886465216498e-03
-4.305332449533526111e-03
-2.895285677678941655e-03
-6.428463199735261679e-04
-1.839788800781100905e-03
-1.089520410871822531e-03
-5.885764159668787233e-04
-4.126405295683352892e-05
-2.803148740636788433e-04
-1.110161404016058915e-04
-3.265705698569064397e-05
-5.459798728173412478e-06
-1.977383447793099076e-07
-5.363867985169726293e-02
-2.328831561690171148e-09
-3.910100322176961650e-07
-5.270230630055031812e-02
-2.970350127922728040e-03
-5.934692058203378249e-08
-5.142509904493241385e-02
-8.274742093151201113e-09
-2.081383617012949663e-07
-4.977436559082663164e-02
-2.469449919250713624e-08
-8.649346539181120157e-09
-4.772996565857279966e-02
-4.528656881928268957e-02
-1.779037152030844883e-08
-4.245519660488578789e-02
-3.184323598032045848e-08
-3.926398699698935985e-02
-3.575816612247723070e-02
-3.199923765738762332e-02
-1.602554726728042121e-08
-2.806340564698509357e-02
-4.010946679639983065e-09
-2.403925443274241083e-02
-5.269141963600140754e-02
-5.196847797899922794e-02
-5.058430264377958979e-02
-5.292772441622912299e-02
-4.857309893936968132e-02
-4.599764348774732642e-02
-5.304445347171479752e-02
-4.293954157015236750e-02
-3.949479245589866683e-02
-5.310402009606787765e-02
-2.002474133541671392e-02
-3.576936373419746518e-02
-1.721047259320353421e-09
-3.187425178090171063e-02
-5.306681079257059147e-02
-2.792035351180572125e-02
-1.612361118977232929e-02
-2.401349087149167935e-02
-5.288787888347877553e-02
-2.024991839424325479e-02
-1.671260584000157715e-02
-1.244139554639763987e-02
-1.346855327766019808e-02
-1.056741565457757284e-02
-5.251805620164425037e-02
-8.041550775011806207e-03
-5.907359613793204678e-03
-9.081187307073832621e-03
-4.165995472640959818e-03
-2.801613176547703647e-03
-1.780265883501255288e-03
-1.599567520614521953e-08
-1.054267464456710513e-03
-5.695304611242751067e-04
-2.712436039942369543e-04
-1.074234897444010031e-04
-3.160022372434380172e-05
-5.283111410747016108e-06
-1.913392386822926160e-07
-6.139485349384776400e-03
-5.190725788009587643e-02
-3.702100070703646332e-03
-1.841815037589537504e-03
-6.207372231768768303e-04
-5.100804595003490677e-02
-3.992579385170065852e-05
-2.858517285874559791e-03
-3.783712728800615423e-07
-7.871885046823619035e-08
-4.977911316587314838e-02
-2.827657114124772416e-07
-6.255060877945023602e-08
-4.818850377449235278e-02
-4.621640113241542308e-02
-4.683212847882103470e-08
-9.946410940068033780e-09
-4.463984557359219785e-08
-4.385733469211576530e-02
-4.130352682266143858e-08
-4.112169548420715331e-02
-4.098041185618615966e-08
-3.803649757059501813e-02
-3.464536837434682714e-02
-2.390076777405097411e-09
-3.100777610639573675e-02
-5.123831816151130925e-02
-5.053527749404947839e-02
-4.918946374199224814e-02
-5.146865697555890601e-02
-4.723409795875125466e-02
-4.473018213720150738e-02
-5.158355187642335582e-02
-4.175701168710946320e-02
-3.840787114673769459e-02
-2.719750826359665710e-02
-5.164371525381459410e-02
-3.478573899785231821e-02
-4.021272790516771008e-08
-3.099849236648353698e-02
-5.161057413141445505e-02
-2.715393011123340417e-02
-2.330049675749314153e-02
-2.335485784745979995e-02
-5.144032980600057869e-02
-1.969510760554490231e-02
-1.625513961278580305e-02
-1.310022188700367234e-02
-1.941152131719321022e-02
-1.027866865375347619e-02
-5.108503865904600455e-02
-7.822000317693466112e-03
-5.746196497327582184e-03
-4.052402794530264585e-03
-2.725247435076523939e-03
-1.731746971204085189e-03
-1.025536497160733874e-03
-5.540100915560016749e-04
-2.638520673786212581e-04
-1.044961770171696911e-04
-3.073911462675632723e-05
-5.139146287482926029e-06
-1.861252369145968908e-07
-2.774980865076982694e-08
-1.563150953786907396e-02
-5.049582501273936624e-02
-1.206283641606694518e-02
-4.962634980338515717e-02
-8.805640596152521440e-03
-2.776428809289926362e-03
-5.953666367685036750e-03
-4.563218044505136555e-08
-4.843620623683690674e-02
-3.590369224183184542e-03
-1.786382990692868006e-03
-6.021358319961554089e-04
-2.420953157645112681e-07
-3.874777527307255326e-05
-3.992412053166588441e-08
-4.689406398347055471e-02
-4.498039563611776204e-02
-5.042114009752784697e-08
-7.531220706633541452e-08
-4.268964062780462865e-02
-3.303558432377351192e-08
-4.815820871946186462e-08
-4.003169707633469354e-02
-3.703267892368918707e-02
-5.008973869126193829e-02
-4.940249220533119573e-02
-4.808704786737571374e-02
-5.031527558173583270e-02
-4.617585146205097774e-02
-4.372850211221916000e-02
-5.042859475975014494e-02
-4.082247086698813365e-02
-4.828166462767622991e-08
-3.373492052146662840e-02
-5.725029067191734210e-08
-3.754889829167908089e-02
-5.048905074880880722e-02
-3.400840503234203033e-02
-5.129308160338509536e-08
-3.030640930705530076e-02
-2.029560000525081607e-09
-5.045889574614241535e-02
-2.654824704081027581e-02
-2.283447589032464725e-02
-3.019622282843242508e-02
-5.029524379999877198e-02
-1.925660028903197069e-02
-1.589352617452137462e-02
-1.280900789558050458e-02
-1.005031095673067539e-02
-4.995112730589769401e-02
-2.648841556036096723e-02
-7.648294129904119505e-03
-5.618625539949802239e-03
-3.962460183390890262e-03
-2.664781140276982051e-03
-1.693337899064166919e-03
-1.002797871108623753e-03
-5.417290817474373953e-04
-2.580039180806363379e-04
-1.021802342533743353e-04
-3.005786819413272949e-05
-5.025252878469084663e-06
-1.820003528321146803e-07
-4.937863727452820178e-02
-2.269512039831128244e-02
-4.853231680386176777e-02
-1.890893378848029771e-02
-2.720241833450144382e-03
-5.668049986623140584e-07
-1.522802352792436593e-02
-4.737248660554393975e-02
-2.933679345542866171e-08
-1.175233294998253956e-02
-4.586832795523956841e-02
-8.579570577161773140e-03
-5.801190921778217463e-03
-3.498584780590021336e-03
-4.400055980199744227e-02
-1.740798662747283050e-03
-5.868166887600249123e-04
-3.780431757728528282e-05
-1.067940380711557063e-07
-2.232113937612104265e-08
-4.176356736408700504e-02
-4.922415575232846202e-02
-4.854887131496619934e-02
-4.725636191983297735e-02
-4.944600475684478996e-02
-4.537849088399829173e-02
-4.297379955126039153e-02
-4.955804847193416574e-02
-9.594412499108264114e-08
-2.849138335734700407e-08
-4.011838262645132935e-02
-3.690177784865054239e-02
-3.916687364359629914e-02
-4.961860556010008055e-02
-3.342280501422219274e-02
-2.978503223814845877e-02
-4.959055126206494968e-02
-2.609195905014957684e-02
-2.244239111849874110e-02
-3.553886767168275946e-08
-3.623588861499703329e-02
-4.943169024505175702e-02
-1.892624523063912712e-02
-1.562107383098908925e-02
-1.258955102953587812e-02
-4.127925111870804039e-08
-9.878159747654761957e-03
-4.909579489926351598e-02
-7.517274230730901403e-03
-5.522349062110768966e-03
-3.301193576204984603e-02
-3.894557119736518323e-03
-2.619132241539831683e-03
-1.664349221153352439e-03
-9.856418876542198670e-04
-5.324655426649579784e-04
-2.535933219874092655e-04
-1.004337019954881121e-04
-2.954412782054083084e-05
-4.939364059604598406e-06
-1.788897075830286115e-07
-4.853569100753643561e-02
-1.994871587073458080e-08
-2.955151507178890163e-02
-4.770659451257750622e-02
-2.687219427736706103e-03
-8.820528519979003472e-08
-2.592487483155031872e-02
-2.997719439865901991e-07
-4.656938400174209791e-02
-2.221387001388802629e-02
-4.509363703288647024e-02
-2.117505561546764272e-08
-2.092251228373908949e-07
-4.862575066041090882e-02
-4.795878493363646411e-02
-4.668217319198453980e-02
-1.850917540297192243e-02
-4.884499887090001935e-02
-4.482737849967335930e-02
-4.245220753821080106e-02
-4.895610343801189840e-02
-3.963180600127090558e-02
-3.645458292979459475e-02
-4.901665657301658430e-02
-1.490695210620358001e-02
-3.301814892253050748e-02
-4.326026951620061400e-02
-1.389583473729692075e-07
-2.942477841061689678e-02
-4.898996451451174960e-02
-2.577669527881008837e-02
-1.150512166024174852e-02
-2.217149297491030624e-02
-4.883431051194279254e-02
-1.869799251875098670e-02
-4.106363728307046990e-02
-1.543280961525483018e-02
-8.399439092780631999e-03
-1.243787233830909861e-02
-1.164013718014879662e-07
-9.759127308025359812e-03
-4.850398063971515794e-02
-5.679560320654705209e-03
-7.426627254767077108e-03
-5.455694981423411805e-03
-7.137114638498499237e-09
-3.847529100567299420e-03
-2.587517145940505456e-03
-3.425286845240752432e-03
-1.644279116803885584e-03
-9.737686072372554518e-04
-5.260563215372193822e-04
-2.505422650905916502e-04
-9.922562770106205319e-05
-2.918878509738444496e-05
-4.879957133787971993e-06
-1.767381623907814125e-07
-3.851299082404160273e-02
-1.704327669327742592e-03
-4.795231179988007630e-02
-5.745000192952771055e-04
-3.698561012724682666e-05
-4.828429373838091093e-02
-4.762211428902543564e-02
-4.635460949753699572e-02
-4.850202037088262308e-02
-4.451301238197559462e-02
-2.803240989005904509e-08
-4.215471192156117208e-02
-4.861255280080499508e-02
-3.563322344778525885e-02
-3.935431039782805868e-02
-4.713498940926556108e-02
-2.672112157522770360e-03
-3.619957911290345998e-02
-4.867306030198038924e-02
-3.278742775235846119e-02
-2.921939572806383362e-02
-4.864709508994512904e-02
-2.559697802645179848e-02
-8.302631419314996120e-08
-4.601328289249160403e-02
-3.246488914984926866e-02
-2.201707594316163266e-02
-4.849321342110884253e-02
-1.856788431496821448e-02
-1.532548383593500263e-02
-1.235137784476154042e-02
-9.691211831042928840e-03
-4.455705018330689826e-02
-4.816599527440574430e-02
-2.906350688297123022e-02
-7.374863826987564097e-03
-5.417599688379129245e-03
-3.820633314273413211e-03
-5.126408582251967376e-08
-2.569438246967466286e-03
-1.632807723995802988e-03
-9.669859734437398534e-04
-5.223965201628713844e-04
-2.488004458785735137e-04
-9.853602194576658105e-05
-2.898595229624793219e-05
-4.846047454539230745e-06
-1.755100642413344653e-07
-1.904634999775976364e-07
-4.885667981889903636e-09
-1.164960637478698637e-07
-4.761907031171705440e-02
-2.549814123333410745e-02
-4.274735034624021351e-02
-4.680839361515146818e-02
-2.184930376502367336e-02
-2.669596868723235050e-03
-4.057852523876099432e-02
-1.820621046092725515e-02
-4.569546035376109705e-02
-3.805964303786135705e-02
-7.698405858415123782e-08
-1.466350083782964539e-02
-4.425029140119390164e-02
-1.131756828288550329e-02
-3.521524162843920475e-02
-8.262688897049424996e-03
-8.379813877920600778e-08
-4.245403102165341835e-02
-5.587145697504481215e-03
-3.208535271727986499e-02
-3.369529591772565860e-03
-1.676518284972419899e-03
-4.030101707505286818e-02
-5.650619034501044987e-04
-3.633855187183992390e-05
-2.872481172480983308e-02
-9.644376263738196311e-09
-5.078013793564189378e-08
-3.780021725892022955e-02
-3.385919942851637632e-08
-2.520186455279844334e-02
-1.029814531613585419e-08
-3.311882158214025705e-09
-3.497596967791571920e-02
-2.159609092427424576e-02
-4.580887044726083438e-10
-1.799569409262326974e-02
-3.186800875751967521e-02
-4.606840829753382596e-08
-1.316505149546630641e-08
-1.449425591566766598e-02
-2.853078162066886858e-02
-1.118710672193742178e-02
-1.468964653391498306e-09
-8.167494800105595462e-03
-2.503206583675124386e-02
-5.522748142722845761e-03
-3.264390728485581480e-08
-3.330610134425406911e-03
-2.145090774609813289e-02
-1.657047120738706610e-03
-1.636974776806191732e-08
-5.584072583876508161e-04
-3.585841618967339011e-05
-1.787493047838372220e-02
-1.432886502693471841e-09
-2.901285710623227791e-09
-1.439710989575209744e-02
-1.153602688350575902e-08
-1.282510556510369182e-09
-1.111216689741634234e-02
-8.112759886790041342e-03
-5.485669638017434332e-03
-3.308156138194499277e-03
-5.446479735337045238e-09
-1.727217393172316968e-09
-1.645775220679014271e-03
-6.433123882993816163e-09
-5.545259774491434826e-04
-3.556230094978489795e-05
-6.777025123763118084e-10
5.272582921400894344e-16
1.329648631495353979e-13
2.036610585852232930e-15
8.744768924112455847e-16
-1.844991269293894743e-15
-5.711551943314470619e-16
4.839209646842917582e-16
1.116274534465488425e-15
5.576574737441292329e-16
3.898301099452965843e-16
1.818327957628395079e-15
-3.149130023270095336e-16
1.131616839112639765e-15
7.707191460812412392e-16
2.465432584836557721e-16
7.771211336373831904e-16
7.549526199721237188e-16
2.786236693889364697e-16
2.430846400121689688e-16
-4.546679304190346578e-16
1.857617947989965821e-15
7.167261155242722463e-16
-4.189325115052942496e-16
-7.235721799861552382e-16
-1.057659573526864376e-20
-1.108831929726248465e-15
-4.391249738439099130e-16
1.392420334909045020e-16
-2.823808297583676288e-16
-9.103253420345249251e-16
4.372035960923276004e-17
4.987053172466802394e-18
1.241337685777348855e-16
1.025995887839833077e-16
-3.943415975889994575e-16
9.514698401076736822e-17
2.837072246216594610e-17
1.638974208722963388e-16
3.377729463887527704e-16
4.688672628848241623e-16
5.413332115163022604e-16
4.806267316289889727e-16
4.618561174159845227e-16
2.726407842228823104e-16
9.420505846606232497e-16
5.000676356359796523e-16
-1.858655110396069464e-16
-1.303042504978192229e-17
6.072783190487098103e-17
1.461953057544573464e-16
1.062512414406452123e-15
4.126576601671969107e-16
2.891359929382011468e-17
6.033310280381103697e-17
-5.312476920875154432e-17
-5.084618531391675913e-16
4.057192370254192116e-16
-3.897467269727536419e-16
4.844221326356574776e-17
2.214772913216932531e-16
-3.656193019572495745e-17
8.446565420052080344e-16
3.677272925777021642e-16
5.480425197499440766e-16
1.779503303548287252e-16
-5.204451654984992405e-16
-8.968675073538671386e-17
-5.512661718039302484e-18
8.103298318798253892e-16
4.558091819708589798e-16
6.559637238600143777e-16
4.191864556199085052e-16
-2.483180292012617375e-16
-2.106397201553498438e-16
2.786017999535750450e-16
-2.395814504653913755e-16
5.298015131887271167e-16
-2.072448500040413892e-16
2.815879720264872045e-16
2.369160596807117352e-16
-2.004928533058723544e-16
-1.467482088733874305e-16
1.717856719469077699e-16
-3.364802828452632129e-16
2.091658790467367174e-16
3.338543666259322010e-16
-6.464581466597794133e-17
5.243908931115126126e-16
1.746242689687762295e-17
1.453281478761099224e-16
-1.877196407724237430e-16
-2.052776239876816595e-16
4.117594259481999137e-18
6.596655807791505556e-18
3.032291160774283054e-16
1.714394105614981405e-16
-2.835145688532547550e-16
5.507281257688460444e-16
5.791084776622412112e-16
-7.955772712620971824e-16
2.906244569571710191e-16
-2.691390585078375431e-16
-8.825107789236493621e-16
-7.148570444608337696e-16
-1.360722489636909065e-16
9.536214062766279464e-17
2.003700363979447572e-16
9.132183535677118239e-17
6.102793340436118106e-16
5.568532141810412482e-18
2.651556924481514662e-16
4.342539795233063722e-16
1.718467500798652545e-17
2.333382313035873549e-18
5.583774294738129958e-16
-9.781746028374801056e-17
-2.836370694641759134e-17
-4.244760355369874009e-16
-1.507214942122522404e-16
1.682699327308455273e-17
2.535187037592542874e-16
-1.554949878794626577e-16
1.763132815929783069e-16
-2.313672021736679764e-16
-5.793187680145370296e-16
-1.974414376869972807e-16
-3.725474746451227573e-16
4.616259394153286629e-17
-4.337493851646364872e-19
-3.345377444437934738e-16
3.130136435275122013e-16
2.890927614650636734e-16
7.235992228846171275e-16
-1.338493667973324642e-16
