4.236947378810050346e-01
4.218924121689100470e-01
4.200832651314497235e-01
4.187990730659041372e-01
4.169770729697542810e-01
4.251232466909269370e-01
4.233249273046214567e-01
4.138484522918521313e-01
4.202402781068932947e-01
4.144416464282721924e-01
4.126010188886511387e-01
4.265523963186684253e-01
4.094392868923627526e-01
4.158962502237399939e-01
4.089234013001611934e-01
4.070583504637222960e-01
4.049832467394288149e-01
4.276203165636142112e-01
4.258278764317365850e-01
4.038536979387669090e-01
4.103960947829360384e-01
4.227575359318344606e-01
4.290536117903724911e-01
3.993353873586992786e-01
4.023775270214358657e-01
4.004824021685061131e-01
4.184361752312006355e-01
3.972250761584246725e-01
4.038729297073806457e-01
3.936080439493969685e-01
4.129670535826872602e-01
3.926308704886936063e-01
4.315691110151066989e-01
3.949634347307073301e-01
3.930328205105608208e-01
4.313980227021607106e-01
4.296144091292738443e-01
3.897134880522339917e-01
3.868038815690209020e-01
3.964860268868004023e-01
4.265659232555875091e-01
4.064832020650493982e-01
4.328384840178542414e-01
3.850299213351942029e-01
4.222793325811851073e-01
3.868628945484111625e-01
3.848917455390629683e-01
3.798801493608124913e-01
3.815016769782204609e-01
3.790863733480172582e-01
3.884169210504863634e-01
3.991436906917257832e-01
4.168579362386539700e-01
4.353786585551948085e-01
3.767161560384393315e-01
3.720180381068355357e-01
3.782749250522785545e-01
3.762586846307711119e-01
4.104346673805111534e-01
3.706394495210397766e-01
3.727900236663145850e-01
3.911296912329544351e-01
4.363506006946636928e-01
4.345787814586146713e-01
3.798642769200237246e-01
4.315597026604624520e-01
3.678911886165630030e-01
4.378011737623180855e-01
3.639895729605068242e-01
3.634069781000779931e-01
4.031683253418207880e-01
4.273199988493783796e-01
4.392285324945454650e-01
3.694095714328462510e-01
3.673443661627897039e-01
3.616662331915015405e-01
3.637904732961972920e-01
3.826392864843706776e-01
3.710376365559774903e-01
4.219630688656642592e-01
4.403754841722954394e-01
3.587685767369298007e-01
3.551820403250848246e-01
3.952395642726684311e-01
3.542506284785577053e-01
3.604806823487978762e-01
3.583635177650812409e-01
4.156217729148383722e-01
3.523823533863540969e-01
3.547192420190064532e-01
3.738811648957741651e-01
3.621501716632649082e-01
3.461556995805512571e-01
3.458079797775668318e-01
3.495667027964732276e-01
3.868456141857374297e-01
3.447670175174984419e-01
4.423428111915064798e-01
4.405858152728102106e-01
4.084546150822782051e-01
3.516978509899441052e-01
4.442831837038127007e-01
3.495268188720304647e-01
4.376037557271218459e-01
3.430089072407636053e-01
4.438062525179269358e-01
3.457888658576123153e-01
3.650673226699563956e-01
3.534106120781977389e-01
4.334231434316637710e-01
3.365273273144098187e-01
3.360861447790847167e-01
3.405007457725347519e-01
3.781938837602459302e-01
4.006416277092929024e-01
3.351804342918627833e-01
3.432578049431752598e-01
3.410322721488608377e-01
4.281475723743026762e-01
4.464239204229623059e-01
3.337644619801044543e-01
3.371995365906179098e-01
3.564049604882265632e-01
3.450146401393552886e-01
3.266229252407236161e-01
3.265291317111155278e-01
3.317739757969946912e-01
3.262443935718120080e-01
4.219099018258188893e-01
3.694945789668765412e-01
3.923789677715916469e-01
3.257135323243892100e-01
3.353358219085874059e-01
3.330565767681541445e-01
3.291303812175159216e-01
4.494159030104846186e-01
3.248563136731439371e-01
3.371363300743085434e-01
3.480878773609138999e-01
3.235689589498520480e-01
4.148683725862324922e-01
3.163080943043038995e-01
3.163900039799816266e-01
4.504042944334905596e-01
3.280784102878026576e-01
3.165099978461394237e-01
3.257477196672750042e-01
3.609525433431343688e-01
3.165784855485491156e-01
3.838723858462977923e-01
3.217318683080003794e-01
4.492167253415447203e-01
4.474776733196957901e-01
3.299208707650223560e-01
3.164715190743995210e-01
3.402879510753373804e-01
4.445403468268315228e-01
3.160398357906971101e-01
4.506955654326278427e-01
3.215995328266843534e-01
3.192211553571284166e-01
4.072023539488209276e-01
3.056538082825873137e-01
4.404311779983967612e-01
3.058295125032877704e-01
3.151218716694263455e-01
3.063430341106144206e-01
3.071016014944477623e-01
3.234808656016220918e-01
3.079685235790260989e-01
3.527586454551783768e-01
3.087693940377885804e-01
3.753297198939288259e-01
3.159824761814997163e-01
3.331479514597685543e-01
3.135614469175517227e-01
3.093082500822513792e-01
4.352540936731984500e-01
3.093873194616000855e-01
4.533652492037507087e-01
3.178983690309266086e-01
3.112830719199468632e-01
3.088254226644731593e-01
3.991067732473464469e-01
3.018754093109027314e-01
3.000476735968336528e-01
2.982175710997553852e-01
3.034638829840410335e-01
2.966117977679252893e-01
2.954233420139237842e-01
2.947918379896816710e-01
3.045866693190506513e-01
3.267779914501764416e-01
3.450813225050480826e-01
3.075207593924063065e-01
3.132282906592626093e-01
4.556392114104603208e-01
3.050330777316150876e-01
4.291420787968725503e-01
3.669526465733847775e-01
3.007412043408917990e-01
3.046594953101514069e-01
2.985683925010814699e-01
3.021484537707299634e-01
3.094897272782414221e-01
2.958845164853605714e-01
3.026051275578743316e-01
3.000769962387210832e-01
3.212577972536030946e-01
2.929485765907435257e-01
2.978152206836841565e-01
3.012254538386481273e-01
2.986856885620879920e-01
3.066467751747632975e-01
2.900304555530601180e-01
2.946447052496397601e-01
3.003736931010375089e-01
2.978266821741758497e-01
2.999050682849071503e-01
2.957135213900877191e-01
2.996879678700221095e-01
2.996125847719633417e-01
2.995979978862937654e-01
2.973540505858566774e-01
2.971350891500279534e-01
2.970590591604969632e-01
2.970443470587231793e-01
3.907854021265420585e-01
2.874036082662394520e-01
3.380595385957355092e-01
3.046057661233444458e-01
2.943016407205339968e-01
2.908618779236431529e-01
2.853198261927983315e-01
2.934298264171374404e-01
2.916578036014639830e-01
2.839818364314062316e-01
3.032351908613452052e-01
4.222532075607022262e-01
2.929501135061485240e-01
2.835279292626076697e-01
2.927278632340407638e-01
2.926506900599809002e-01
2.926357566766980001e-01
3.166405531094041992e-01
3.023891043438264870e-01
3.019236205963593545e-01
4.574327794239587130e-01
3.017079798850659800e-01
3.016331042757362524e-01
3.016186156266139617e-01
2.895115396391322871e-01
2.867716387223782082e-01
3.589280484833308194e-01
2.868331689114506644e-01
2.880693305353325129e-01
2.871786315900944353e-01
3.129446489696922629e-01
2.866884761085478628e-01
2.826800476413617313e-01
2.864613755272404916e-01
2.863825163428219134e-01
2.863672566010723730e-01
2.837642715746857003e-01
3.317994800463029414e-01
2.815867904863660343e-01
3.101344871033164252e-01
2.788992931477879411e-01
2.815579818376378052e-01
3.081173399168545268e-01
2.800748967542106005e-01
2.757348067512989664e-01
4.567984683762730813e-01
3.824431750769123894e-01
2.791587334217272010e-01
4.550805916116685834e-01
4.147662155680905127e-01
2.786544930254427066e-01
3.067629992035561526e-01
2.784208492570995896e-01
2.774237855818165732e-01
2.783397154314055655e-01
2.783240153803545058e-01
2.734560732776860070e-01
2.762739997823375759e-01
3.059270347184855909e-01
2.722630247600845155e-01
3.054671543907667708e-01
3.052541178445434267e-01
3.051801476444753747e-01
3.051658342606857754e-01
3.263772168602883661e-01
4.521958432531285599e-01
3.514196372784152422e-01
2.742498832822458654e-01
4.582949654489424374e-01
2.712475923898508001e-01
2.719665528356395301e-01
2.708886634064514021e-01
4.481706600528526097e-01
2.704309542834261171e-01
3.218431905502339707e-01
2.694820526856261944e-01
2.689596961065735536e-01
2.668591252103635347e-01
2.687176344461338351e-01
2.686335739702295222e-01
2.686173073804934974e-01
4.619876064873627564e-01
2.665589518987346862e-01
2.634398994313884579e-01
2.645652037368206866e-01
3.742778087234264195e-01
3.182146000929368390e-01
4.068747138200303204e-01
3.445611115702501559e-01
2.612659608195624927e-01
2.632543076026467310e-01
4.431094843039071751e-01
2.605286616373659880e-01
4.610246724336203861e-01
3.154562299637348466e-01
2.608748951570376007e-01
4.627888162490285673e-01
2.588518308031725335e-01
2.592736880802632427e-01
3.134767857141308456e-01
2.589370862173520083e-01
2.582838491564511951e-01
2.577388242292398268e-01
3.121480983223278716e-01
2.574862261809535702e-01
2.573985020162676274e-01
2.573815261821977285e-01
3.113281288646478351e-01
3.108771035065316379e-01
3.106681824155900773e-01
3.105956430982807492e-01
3.105816067012987514e-01
3.384531925813646924e-01
2.541353533926596908e-01
2.544041784615027613e-01
4.371456112244929137e-01
3.664711254886698355e-01
2.518412757100268462e-01
2.507636168262643017e-01
3.987802344139074751e-01
2.509396659305499488e-01
2.490047252440797665e-01
2.484423958542869570e-01
3.331668397309968110e-01
2.467606009990028215e-01
2.457204030479072099e-01
2.459221732195869536e-01
2.457145066157270241e-01
2.451474738141278809e-01
2.448818996725702912e-01
2.447896626768756856e-01
2.447718131661377750e-01
4.304371125506807338e-01
3.287486052443401863e-01
4.651927899917888687e-01
2.411450809320462296e-01
2.409706577499601821e-01
3.591807664252612553e-01
2.383178628092195162e-01
2.379623619855433525e-01
2.374874461187232999e-01
3.906843123859893296e-01
3.252138914847896856e-01
2.369406779268833363e-01
2.348472905703466174e-01
2.330674674398925950e-01
3.225278654405478451e-01
2.319659085197536275e-01
2.313589407848461177e-01
2.320537302323384676e-01
2.310775299987755937e-01
2.309797840232564181e-01
2.309608679052299329e-01
2.320733008031712619e-01
3.206011343169063998e-01
4.231621909696421380e-01
3.193083316238306546e-01
3.525336037478286055e-01
3.185107433501944696e-01
3.180721106006292320e-01
3.178689497082962667e-01
3.177984132225087355e-01
3.177847645350764805e-01
2.269855814275841266e-01
2.276197268393169437e-01
4.649061904235214926e-01
4.632128519693710089e-01
4.692923103052797917e-01
2.252983234066131824e-01
2.242267531139016390e-01
2.230958441878760912e-01
3.827799183411709216e-01
4.603886858708317042e-01
4.664223015844205511e-01
2.202832772660979765e-01
3.466232226365581481e-01
2.183848069593260499e-01
2.172088170493370329e-01
2.165605035296503944e-01
4.564602587213906215e-01
2.162598429923480448e-01
2.181784840313033824e-01
2.161553986923290538e-01
2.175580456230147286e-01
2.161351855723608606e-01
3.287185886102600429e-01
3.262971465568345053e-01
4.155131217325037096e-01
3.222132758603450942e-01
2.143459261879194500e-01
3.307437591980030289e-01
2.121431669005723608e-01
4.706884555318320285e-01
2.130407202835193359e-01
3.415138583613705481e-01
4.515327556463902270e-01
3.752427057842923075e-01
2.098137104088030613e-01
2.079758709405541695e-01
3.164800309091724273e-01
4.692193579101738288e-01
2.049558450156885037e-01
3.372468597926401301e-01
2.029139924728213529e-01
2.042925331173265913e-01
2.016477869301148140e-01
2.009492744522376750e-01
2.026710999853107986e-01
2.006252201610150554e-01
2.005126323071588779e-01
2.004908421506059468e-01
4.076889892869297594e-01
2.014140801066141295e-01
3.092005531952851105e-01
3.338355254933305094e-01
4.457400234971879427e-01
3.344123624746569989e-01
1.968468160581836324e-01
3.682228198635884575e-01
3.312439971929130311e-01
1.953339856984452338e-01
1.923481109507255427e-01
3.293864829084204304e-01
3.281408450422124146e-01
1.890784587888321711e-01
3.273726871983322351e-01
1.906802911115322852e-01
3.269503542313560440e-01
3.005113937941330526e-01
3.267547705330124397e-01
3.266868687901553492e-01
3.266737301471027699e-01
1.868630930247695554e-01
1.890904968772140760e-01
1.876406145892068056e-01
1.854873043121595955e-01
1.847276746780086853e-01
4.392403592794781875e-01
1.843751038341980841e-01
1.842525839509193408e-01
1.842288700998273299e-01
3.998874588344894510e-01
4.735003119840011099e-01
3.618386232739530528e-01
1.813335125556653493e-01
1.810491723764537098e-01
4.767752707405974455e-01
1.764392327803478155e-01
1.776068217680533967e-01
2.905817181525597315e-01
1.728685961341179245e-01
3.400701904789306673e-01
1.727198657426596284e-01
1.704424980868168293e-01
3.561747414055375649e-01
4.322115968384065976e-01
1.689329492882581940e-01
4.773682753784754262e-01
1.680984870611551552e-01
1.677109433804786220e-01
1.675762342751822842e-01
1.675501590326892998e-01
3.922959562934019706e-01
1.672237281469914905e-01
1.658454594540117455e-01
1.653367423086096466e-01
1.604787272933410891e-01
3.512869031254902685e-01
4.733584197470336319e-01
4.716931345133260067e-01
2.796133413042340976e-01
1.565440469990742878e-01
1.581669335382498986e-01
1.538605145534739094e-01
4.689377453832335729e-01
1.521864510498626977e-01
1.512595681701431605e-01
4.748957839031233696e-01
1.508287366569902588e-01
1.541255280844308351e-01
1.506789259222976185e-01
1.506499242143491957e-01
4.248447094287344794e-01
3.472098329317950816e-01
1.506286422878567455e-01
3.850827994496162643e-01
4.651191130775364502e-01
4.791524571893674422e-01
1.446977911117117155e-01
3.439529406561572245e-01
1.442472408651746529e-01
1.403207922183343503e-01
1.420331351231906569e-01
3.414813358600879978e-01
1.373203112366521428e-01
2.678408654985933168e-01
1.354418161852896096e-01
1.343994274668361688e-01
1.339143297890832418e-01
1.359380071552496183e-01
1.337455624163314816e-01
1.337128856986616876e-01
4.603434350228267635e-01
3.397112297449378371e-01
3.476178500068132227e-01
4.777667629559024243e-01
3.385251820716073112e-01
1.312470603287756443e-01
3.377942198253846562e-01
1.293344527612681205e-01
4.173361566877805684e-01
3.373924914754140025e-01
3.783891097355230326e-01
3.372064872453980344e-01
3.371419166550737589e-01
3.371294228815794880e-01
1.244177081861226608e-01
1.210233480085052271e-01
1.220550917640763483e-01
1.188874937859291103e-01
1.176985115592635994e-01
1.194886751572210581e-01
1.171442417310799566e-01
1.169512649794853393e-01
1.169138921888873694e-01
4.547454009536281982e-01
1.146542796767070910e-01
2.555324381069536410e-01
1.090776114839969030e-01
1.093133633133546861e-01
3.723229210196638550e-01
1.051892851374375271e-01
1.027246576205498030e-01
1.013461852036329491e-01
1.007019283848343133e-01
1.004773693504575904e-01
1.004338650018834489e-01
1.009830930981041874e-01
4.098792598632777229e-01
9.808649302506897150e-02
4.850644135375201116e-01
9.460405082353119666e-02
4.484838125649413532e-01
9.009325186329450452e-02
8.870912297562105753e-02
8.720299952383753217e-02
4.821715580934667900e-01
8.557485033432904453e-02
8.481086459211069351e-02
8.454410441972143309e-02
8.449239595648097567e-02
3.669579229340008131e-01
8.137379262371771671e-02
7.821508163092008581e-02
7.608271712476827320e-02
2.429914997322248915e-01
7.263714086833325534e-02
7.067423262199411249e-02
6.974722213468896592e-02
6.978565217226452566e-02
6.942260311413148144e-02
6.935962226911193684e-02
4.860295476559508554e-01
6.353688860465350752e-02
6.018697475386964452e-02
5.936762202091031004e-02
5.694917368577490091e-02
5.579459114096674971e-02
5.538825924953497126e-02
5.530929981861265610e-02
4.026550537830279608e-01
3.623393928006557463e-01
5.281457218683191512e-02
4.771749236803751737e-02
4.417363432792303923e-01
4.467273460175831545e-02
4.422992671769306050e-02
4.319121721547086734e-02
4.266502192573207869e-02
4.256246558858488988e-02
3.799825237579330939e-02
3.409635457690716326e-02
3.213081693045041071e-02
3.141993366128105480e-02
3.128053082620490394e-02
3.051963344812874679e-02
2.549788758772127475e-02
2.280285646845781403e-02
2.178974737997752681e-02
2.158824835086307903e-02
1.920511713732980102e-02
1.544877068995662885e-02
1.390997276185497802e-02
1.359215648331729698e-02
3.569302111229704644e-01
1.041597368010194376e-02
7.957093315087072904e-03
7.387469771000122060e-03
4.258891915594258289e-03
3.065540073079236084e-03
8.105007899893282080e-04
3.584931730069241262e-01
2.305595233002042665e-01
3.554258116246026833e-01
4.819822830311273343e-01
3.958232603976614694e-01
4.803487414233139075e-01
3.531007471009952048e-01
4.346927231052002405e-01
4.776705487975322906e-01
3.514377048959898553e-01
4.835421888729377060e-01
3.503246744227064835e-01
4.879952786009449928e-01
3.496392994355572159e-01
3.492628274897953689e-01
3.490885662132895417e-01
3.490280792299393919e-01
3.490163760002380489e-01
2.186185785564451201e-01
4.739750620923035562e-01
3.895143208420599468e-01
4.693697937060770653e-01
4.275466019383781791e-01
4.864928582792959477e-01
2.075896107560288861e-01
4.935873438038532179e-01
3.838239786516225438e-01
4.639906037398970340e-01
4.939602597403650597e-01
4.204864308089690250e-01
1.979159530214963936e-01
3.788128788162725691e-01
3.678531639115527607e-01
4.579971084190700981e-01
4.910312135613504325e-01
3.745137278935267711e-01
1.900116525274685164e-01
4.950882296730997334e-01
4.136859059008862194e-01
3.709431811671115020e-01
1.841535270996376150e-01
4.515670417633700917e-01
3.681003274563683925e-01
3.659497254364345586e-01
1.803444574102366360e-01
3.644142828825563396e-01
4.072947512720758168e-01
3.633882919336965944e-01
3.627572591701990201e-01
1.782665917421426272e-01
3.624108934309098751e-01
3.622506298470500319e-01
3.621950105403830000e-01
3.621842496423386959e-01
4.448889297048619906e-01
4.906209834176408768e-01
4.890230780939389121e-01
1.774040036576761681e-01
4.864307615298946730e-01
1.772333528300183147e-01
4.970397070938690764e-01
4.922043354107615287e-01
1.773546801149302188e-01
1.775313464634809268e-01
1.776630282881194733e-01
1.777324855534719861e-01
1.777578632800475844e-01
1.777628490543156081e-01
4.014309131036440381e-01
4.828721198923387470e-01
5.027555780959289677e-01
4.381533615225771117e-01
4.784563033539460108e-01
4.952396001366131673e-01
3.961757463225642484e-01
3.802129358117829483e-01
5.032749782211548562e-01
4.733206849001987959e-01
3.915746551960737620e-01
4.315432706552336239e-01
3.876459379734250588e-01
4.676260032259722532e-01
4.999198133111103504e-01
5.043646576099382051e-01
3.843948414477349473e-01
4.252238946846568224e-01
3.818127899914960377e-01
4.615502402588042563e-01
3.798646362273347954e-01
3.784772524400811800e-01
3.775522181820596956e-01
3.769841947922548120e-01
3.766727289132470458e-01
4.193333575253265222e-01
3.765286898275221339e-01
3.764787122844323597e-01
3.764690435576125149e-01
4.552806750681986925e-01
4.991399108869431500e-01
4.975817579460344864e-01
5.122112114931376414e-01
5.061242923191728860e-01
4.950842731819146136e-01
4.139751127318227475e-01
5.007471840777970584e-01
5.123618485189674887e-01
4.916765254755913195e-01
3.938149213640828594e-01
2.405810610020322760e-01
4.490044418386694991e-01
4.092139170524128899e-01
4.874696259730946224e-01
5.038709811623772739e-01
5.128257851986264271e-01
4.050777737388577271e-01
4.826027872424695775e-01
4.428981012306597576e-01
4.015691222672259086e-01
4.772381315682048264e-01
3.986790692674438974e-01
5.086997730078395286e-01
5.136947477576687682e-01
4.371170581113725251e-01
3.963920821801850680e-01
3.946726421709981225e-01
3.934523323338209866e-01
4.715539806183940419e-01
3.926411023282934676e-01
3.921440523603014205e-01
3.918718786102879381e-01
3.917461013177215845e-01
3.917024732957035682e-01
3.916940337137710393e-01
4.317859787959933415e-01
5.221457361972470235e-01
4.657361625594357291e-01
5.074308008863493979e-01
5.059167415143653868e-01
4.269916400237360743e-01
4.084499441215843074e-01
5.151092647704278438e-01
5.222240571669477527e-01
5.035232871473713789e-01
5.090619820338652124e-01
5.002807485805857990e-01
4.599677256592242247e-01
4.227799427983560676e-01
4.963024936092423345e-01
5.224453389375612877e-01
5.122771333538257421e-01
4.191596043235302771e-01
4.917298437715895143e-01
4.544177004799605513e-01
4.161155713179878202e-01
4.867264613196136125e-01
4.136236333502132378e-01
5.172594242147657839e-01
5.229358703763313798e-01
4.492299562222975551e-01
4.116613568630474451e-01
4.101930420847446079e-01
4.091557806008520037e-01
4.814709283313939325e-01
4.084690213007169390e-01
4.080495023946894007e-01
4.078202189821366619e-01
4.077143679666493381e-01
4.076776670426937588e-01
4.076705683459377338e-01
5.324148831166859441e-01
4.445135619092763224e-01
5.323505819904064129e-01
4.761471659925419764e-01
5.154134880395958573e-01
4.238994652899741311e-01
5.139480488514031054e-01
5.321708903987985018e-01
4.403362916667307725e-01
5.116679420978639259e-01
5.238804538628690777e-01
5.170680110260693629e-01
5.086049640610249556e-01
4.709331734942783787e-01
4.367230108842628522e-01
5.048749710678605007e-01
5.203760318945397367e-01
5.319874951002788732e-01
4.336618681549330168e-01
5.006215539452905094e-01
4.659889104320464881e-01
4.311185187227042914e-01
4.960098980323983109e-01
4.290538734766486950e-01
5.255146329592094157e-01
5.319706790311464761e-01
4.614446405994264144e-01
4.274388136004919070e-01
4.262380573576403653e-01
4.253952164629677957e-01
4.912185121940353394e-01
4.248403451809734666e-01
5.429959367510177604e-01
4.245028413713786142e-01
4.243188829024051034e-01
4.242340780676234768e-01
4.242046919132387295e-01
4.241990090468250596e-01
4.573914501779401953e-01
5.426560944250240492e-01
5.230349401202123438e-01
5.216227271605676785e-01
4.399418333853651331e-01
4.864286133090190978e-01
5.194651418619983252e-01
5.247116259542662364e-01
5.420520525438768944e-01
5.323508273146869696e-01
4.538757669599462474e-01
5.165956666240206774e-01
4.818117788985729621e-01
5.131327709800427295e-01
4.508995258436969689e-01
5.281124995422585844e-01
5.413310232853797421e-01
5.092223078409123804e-01
4.484298533167188627e-01
4.775169368016300431e-01
4.464115651519443007e-01
5.050307241507593359e-01
5.334077471884557387e-01
4.447925810176616701e-01
5.407084972625271213e-01
4.736583465508645285e-01
4.435378183495051752e-01
4.426133553832709011e-01
5.007357912979509829e-01
5.539482982070909056e-01
4.419704950287181022e-01
5.536848389805062443e-01
4.415508806131706043e-01
4.412973155131537095e-01
4.411596876256358435e-01
4.410963819967941291e-01
4.410744660105127557e-01
4.410702289321187797e-01
4.703066170253346612e-01
5.529071074191994617e-01
5.302654077666270060e-01
5.289109111781856720e-01
5.268844387157722853e-01
4.965148186949412401e-01
5.319624265384086392e-01
4.563583819294193544e-01
5.404593655260863105e-01
5.242212852221687092e-01
4.674846888693985902e-01
5.517418114830086040e-01
5.210425052165722493e-01
4.925311547301217119e-01
5.354543770537101288e-01
4.651702378889025491e-01
5.503809080675980958e-01
5.174959829199154981e-01
4.633097286641262857e-01
4.889203628312743244e-01
5.137488618486562020e-01
4.618268351970165608e-01
5.409037602267074973e-01
5.490841194587632312e-01
4.606591362607400653e-01
4.857781199834468322e-01
4.597668696272459443e-01
5.099771347415941181e-01
4.591188026174177761e-01
5.650492532836176585e-01
4.586750899282249772e-01
5.370917865467288443e-01
4.583897110828846211e-01
5.643294468212645132e-01
5.357990827738138284e-01
4.582192582048488227e-01
4.581274405203079603e-01
4.580853770911786915e-01
4.580708396846476793e-01
4.580680305333186264e-01
4.831522118074781380e-01
5.339111001549193825e-01
5.388066645277983513e-01
5.063525864853678504e-01
5.629728280452900302e-01
5.314649672588785956e-01
5.481672157791614985e-01
4.729377557876084381e-01
4.810404595982215037e-01
5.285841041730092726e-01
5.611401848718784446e-01
5.423859815287028763e-01
5.030281574384726229e-01
5.254179338273792244e-01
4.793958021614886378e-01
5.590670571252072119e-01
5.001235076882423192e-01
4.781452831740677367e-01
5.221334035335458701e-01
5.479838431945538435e-01
4.771929216824000175e-01
5.570539766581684704e-01
4.977132481288401578e-01
5.189033223737190559e-01
4.764686951922952884e-01
5.435087628636545709e-01
5.422811207033192415e-01
4.759300130792103456e-01
5.405369924269346482e-01
5.452384590890931859e-01
4.755498826695334080e-01
5.765444353324827853e-01
4.752982784499805158e-01
5.761040043812771794e-01
5.383152342033460380e-01
4.751419194296017112e-01
4.958204991205237278e-01
4.750511529820111711e-01
5.158920007815362974e-01
4.750031921476878805e-01
4.749814494398253983e-01
4.749739682212141267e-01
4.749725244704782190e-01
5.747932583356122338e-01
5.554513267750599281e-01
5.357412039473374854e-01
5.727478208856214836e-01
5.488994397575289730e-01
4.944171860630904858e-01
4.894780840097442964e-01
5.132395995047518422e-01
5.329651078668762310e-01
5.701716084044612387e-01
4.934319775021638876e-01
5.301525114197636057e-01
5.673404801653773033e-01
5.546368580159705131e-01
5.110474182735177395e-01
4.927750663874670978e-01
5.495089553312000330e-01
5.483483797126867954e-01
5.274713689349587176e-01
4.923333853239273972e-01
5.645899044769415731e-01
5.467505757068202854e-01
5.093669782462300066e-01
5.512500246947908966e-01
4.920321253710810971e-01
5.447558888126735610e-01
4.918280525621956945e-01
5.250764210178519020e-01
4.916998831517817026e-01
5.424909970420257466e-01
5.081957640794759756e-01
5.549850984971669288e-01
4.916280359402707689e-01
5.622962003691672761e-01
4.915919582407470290e-01
4.915752973693963690e-01
4.915680612386478243e-01
4.915651734088949398e-01
4.915642372337170052e-01
4.915640598489524060e-01
5.880317470814310221e-01
5.869807783721373573e-01
5.401059247307112843e-01
5.849650132033774597e-01
5.230927734632900838e-01
5.074802344923239339e-01
5.821506246117408301e-01
5.377634864606849474e-01
5.787811543377245904e-01
5.057859919492693201e-01
5.608500495151380605e-01
5.071272791672559732e-01
5.216013581022921342e-01
5.550738202288514334e-01
5.539805962205703871e-01
5.751672273152261816e-01
5.525278598398063457e-01
5.568226620328859955e-01
5.356250332663915481e-01
5.070305046458065679e-01
5.507570957469430928e-01
5.716711853790015230e-01
5.206294185992375034e-01
5.070664100423257770e-01
5.487955562223436612e-01
5.606227333863889051e-01
5.338337731024918043e-01
5.071570000344964857e-01
5.686849511338106788e-01
5.072605504834643009e-01
5.467920205276386447e-01
5.201489250338601211e-01
5.073626100012260665e-01
5.074542293082456856e-01
5.075271464820646505e-01
5.324979266788197885e-01
5.075774783337428930e-01
5.076070056501038597e-01
5.076211261247397522e-01
5.076260921523171321e-01
5.076270566453221500e-01
5.449051789280644487e-01
5.200828112240155621e-01
5.666005943796467159e-01
5.601672500598868787e-01
5.591395670122991657e-01
5.578262895815875311e-01
5.999206601561325458e-01
5.993291400757475573e-01
5.975619897783636114e-01
5.619204155404921019e-01
5.947571110858321797e-01
5.911200466915544904e-01
5.316768530795688008e-01
5.562696260312683938e-01
5.869286545803715782e-01
5.432882073714672133e-01
5.203300072749316163e-01
5.216672360348150184e-01
5.825207672143771775e-01
5.545966292714495927e-01
5.657754065926072773e-01
5.207357757609926141e-01
5.782760424990998072e-01
5.313734634221746189e-01
5.420712641074608706e-01
5.529538274489875782e-01
5.212059541605018609e-01
5.745912928603303937e-01
5.647333743645489568e-01
5.216496366016309949e-01
5.637671048262834494e-01
5.315352791478044070e-01
5.514946260022571822e-01
5.625830374602511785e-01
5.413446228398181015e-01
5.718497752255369271e-01
5.664878833278961245e-01
5.220284114145695709e-01
5.223352935169288669e-01
5.612236882694199291e-01
5.225716989755355701e-01
5.227408414563011751e-01
5.228501879963842747e-01
5.229120582055886146e-01
5.320653459238369187e-01
5.229411316795267162e-01
5.229512851915573135e-01
5.229532532011038626e-01
5.503628945669232220e-01
5.598152273711528570e-01
5.703873971364513684e-01
5.411458999397812386e-01
5.328365541310755571e-01
5.585011505226943340e-01
5.686991256737543576e-01
5.677878034655796657e-01
5.945814413770162954e-01
5.893739592443990594e-01
5.496749409791370500e-01
5.996095007295857426e-01
5.843741304602287912e-01
6.041019730960535128e-01
5.667181658291260415e-01
5.414548649928583313e-01
6.077538039936247749e-01
5.704527318360536059e-01
5.799741147581630729e-01
6.103256388383911935e-01
6.116540720139210796e-01
5.337098163061786416e-01
5.369783697859685789e-01
5.574288351784917328e-01
5.655326865721309604e-01
5.765411085688971760e-01
5.345643953027601203e-01
5.495030007437538000e-01
5.643561688683261801e-01
5.421962140216333159e-01
5.743867116120990879e-01
5.353180163063755437e-01
5.567323607729178780e-01
5.719806270954702621e-01
5.711156238226986481e-01
5.359368481905599779e-01
5.633286605418587056e-01
5.701415770260992444e-01
5.737319804273209867e-01
5.364214924128809514e-01
5.498639019272668627e-01
5.432583831485066073e-01
5.367830638374544439e-01
5.691006823106126156e-01
5.370351509310541394e-01
5.371952677562290557e-01
5.372849299106980947e-01
5.373268445582380926e-01
5.373414517832096893e-01
5.565142598278857156e-01
5.373442812949985603e-01
5.625913208032808921e-01
5.806028646799620274e-01
5.681161703950724506e-01
5.847758564069871490e-01
5.744923735932161435e-01
5.736632223109077167e-01
5.776912350497214188e-01
5.444958652779524622e-01
5.899215628254699251e-01
5.727625687768487239e-01
5.507163491476977368e-01
5.762410448562966803e-01
5.956920819244082566e-01
5.718322336989543064e-01
5.673246602741000011e-01
5.568296461124405683e-01
5.622687078557289109e-01
6.017068185642707734e-01
5.457702161228754623e-01
5.762038297010526611e-01
5.753987443253899547e-01
5.745469004008925129e-01
6.075801146603225789e-01
5.779500607922897215e-01
5.709939731414909181e-01
5.519659873836818553e-01
5.772904063028975186e-01
5.764979191890817756e-01
5.802175221666268090e-01
5.469563687331560065e-01
5.736897854182227974e-01
5.668615125840598123e-01
6.129466072219489359e-01
5.756711693855440792e-01
5.515229466084494714e-01
5.839540281212801665e-01
5.790344604941575213e-01
5.624505521345125603e-01
5.576765649103281319e-01
6.174823239777441630e-01
5.479753491924542752e-01
5.703814459163137895e-01
5.748514109373114023e-01
5.729480250633707250e-01
5.889250339164190384e-01
6.209208706885388507e-01
5.819365585896778548e-01
5.534890453774198305e-01
5.487985957235916867e-01
6.230649557272457395e-01
6.237809092419142054e-01
5.668427897138094140e-01
5.494339682839417538e-01
5.741585397695038173e-01
5.830240660734147262e-01
5.948595513074258490e-01
5.499013143285630401e-01
5.724531210210892507e-01
5.701252050254401738e-01
5.502233197583045188e-01
5.589949277111697645e-01
5.631767007594720154e-01
5.504261605593612217e-01
5.865127118656701111e-01
5.505391861020658695e-01
5.505918900033982544e-01
5.506102384402440375e-01
5.506137915834470320e-01
5.551250524020252541e-01
5.737227876175500230e-01
5.850198892118096961e-01
5.842567201510882047e-01
6.014283241110185418e-01
5.673471950063783131e-01
5.834813718081114375e-01
5.723322460666087075e-01
5.867427940853329194e-01
5.703344843477352599e-01
5.882510707323360677e-01
5.567383737817900302e-01
5.923419552010505962e-01
5.606772936280800534e-01
5.827332292771837396e-01
5.644289463957623543e-01
5.736694326303762859e-01
6.082656293904102895e-01
5.893454016392298822e-01
5.582033166896517296e-01
5.821279764728746198e-01
5.684018214731828555e-01
5.726899528848107268e-01
5.906981858801606533e-01
5.710793616585244648e-01
5.625819214362380860e-01
6.149936925464910553e-01
5.991169183456351854e-01
5.594439915898374860e-01
5.661324618826659716e-01
5.741005044363579612e-01
5.949466520360151556e-01
5.604372510098792892e-01
5.817901907368643322e-01
5.651473600569913991e-01
5.611975506023648697e-01
6.212460840771277804e-01
5.735905319202245778e-01
5.645529114603856646e-01
5.699754698515387963e-01
5.617523197380552835e-01
5.621319896747537515e-01
5.723772397341638785e-01
5.623700151692485605e-01
5.625022643124804045e-01
5.625638416610709847e-01
6.065226762797689686e-01
5.625852664108271783e-01
5.625894145456407092e-01
5.967127056334942115e-01
5.681690048798851977e-01
5.818383973523860719e-01
5.750772806789027358e-01
6.266883546457832077e-01
5.969697850898395552e-01
5.664451381845019284e-01
5.978172193448524352e-01
6.026155155638327487e-01
6.310348205579900949e-01
5.750449908006122213e-01
5.719816473661318845e-01
5.741871379083063331e-01
5.681382199860084414e-01
5.703818596340286540e-01
6.340612691520669530e-01
5.823673931080886046e-01
6.142081923028933632e-01
6.356143564482586994e-01
5.766075465472615402e-01
5.695593990192819867e-01
5.742894389260142507e-01
5.706905894254787892e-01
5.726214139007452797e-01
5.770061933819921052e-01
6.052775928832695440e-01
5.764141371877445907e-01
5.715519651920494271e-01
5.834316326139916686e-01
6.109043964312105279e-01
6.218067957731877593e-01
5.721773063228050571e-01
5.786411268222576565e-01
6.044736419155649632e-01
6.037786740597200774e-01
5.726034427419657291e-01
6.053782811789000240e-01
5.728697851077177994e-01
5.730174938691835473e-01
5.730862044682860645e-01
5.747361441510279167e-01
5.731101018266340219e-01
5.731147281672247518e-01
6.031206323183322393e-01
6.061449785598403972e-01
5.767472982604482379e-01
5.776976699170979224e-01
6.070783428285447814e-01
5.793734256322553566e-01
6.025340386991163699e-01
5.789241947948999822e-01
5.766100612507708556e-01
5.850334831010390868e-01
6.081958835963601206e-01
6.289569600084919943e-01
5.810750684247762976e-01
5.791908192925130372e-01
6.021243945366366868e-01
5.781738295484980528e-01
6.194734096117121558e-01
6.100137630081358120e-01
6.144970870874491009e-01
5.820075998457089339e-01
5.794136886221574745e-01
5.815520956938343700e-01
6.353212251563404855e-01
5.803545357664350313e-01
5.814759215045125496e-01
5.871195137972322620e-01
6.020028969974394739e-01
5.837674497016279718e-01
5.810352648475701764e-01
5.814978164249501313e-01
5.817863269156724471e-01
5.819461305681072893e-01
5.820204200378220616e-01
5.820462509428023790e-01
5.820512512188318333e-01
5.841434704929376887e-01
5.847470370009746343e-01
5.834872913510031900e-01
6.406024393417834029e-01
6.172254446486792334e-01
6.022724411392240684e-01
6.156824071751223482e-01
6.279670808926358649e-01
6.161575317901996085e-01
5.865573884855220799e-01
5.851591910972426813e-01
5.895863399742004018e-01
6.445567890355031748e-01
5.865499467312605963e-01
5.874301464169060516e-01
5.864813155617851770e-01
5.890233629850794017e-01
6.239911470568906271e-01
6.470036051409553401e-01
5.874822453294973323e-01
6.190664124178079097e-01
6.478192119224601697e-01
6.030114909297870085e-01
5.892826386885227086e-01
5.886591406870421705e-01
5.882047930232781052e-01
5.886948048449949233e-01
5.922938104272066351e-01
5.890000168251735557e-01
5.899123067143404731e-01
5.891689276360693173e-01
5.892474166431908023e-01
5.892747028688124500e-01
5.892799845849163720e-01
6.201991907600963305e-01
6.360318229057850825e-01
5.904078452886355466e-01
5.917991589733254676e-01
5.917883719160734746e-01
5.920822681373495433e-01
6.042595307136089389e-01
5.928319301059725710e-01
5.950828852232097343e-01
5.935841199885565356e-01
5.939966423794734718e-01
6.244025210831593009e-01
5.938786673540056293e-01
6.276869357813624761e-01
5.940935758614963591e-01
5.944106037543481769e-01
5.945859542067386538e-01
5.946674118836451362e-01
5.946957267703395500e-01
5.947012074101803991e-01
6.334125778046976185e-01
5.952954853481274844e-01
6.433326339141253181e-01
5.958146188965817158e-01
5.963655345890573889e-01
5.977992350181965397e-01
6.060074789015281738e-01
5.971361255942760904e-01
5.972478031087985473e-01
5.989865325191225942e-01
5.976576340242726326e-01
6.276019133384455051e-01
5.979819771434403686e-01
5.981613113119005343e-01
5.982446047794507393e-01
5.982735556857010639e-01
5.982791593150961207e-01
5.983297161037268719e-01
5.991084811896865148e-01
6.304880782958409702e-01
6.003014067977697765e-01
5.996353083475187695e-01
5.999628658078255405e-01
6.495677525114623707e-01
6.001439462888149556e-01
6.002280435977082051e-01
6.002572728798112323e-01
6.002629303335037525e-01
6.081956448996785891e-01
6.024834311404887455e-01
6.424159746862820874e-01
6.323733514043987647e-01
6.544810372145506427e-01
6.380739441183905791e-01
6.042862225644741736e-01
6.335229741531529513e-01
6.345130149343929382e-01
6.057054964621220172e-01
6.107200219789495899e-01
6.578718485705226104e-01
6.074606960446798931e-01
6.067755290485692399e-01
6.359969243474365985e-01
6.075450220067020179e-01
6.353989644380900748e-01
6.596026280885596282e-01
6.080652901327179283e-01
6.083886762622215949e-01
6.349039635620380428e-01
6.085674251638005794e-01
6.086504340523314349e-01
6.086792842355960298e-01
6.086848682651259113e-01
6.375884135816493048e-01
6.506715992373923729e-01
6.345389707136176449e-01
6.134454456202178552e-01
6.418787738508799912e-01
6.343943246307023331e-01
6.413173552232226404e-01
6.408355539327633688e-01
6.480468269720605079e-01
6.143373037107235923e-01
6.162224132006636212e-01
6.345618925612147576e-01
6.578780739268961231e-01
6.447571052182832219e-01
6.189039705862880991e-01
6.462162124383998840e-01
6.351226673452414762e-01
6.195233175253804792e-01
6.472527145016663264e-01
6.466893436053864352e-01
6.637732438254464462e-01
6.213606197881269555e-01
6.572814230276213809e-01
6.478569793291082402e-01
6.528559975685500616e-01
6.229806108769481154e-01
6.361329816834017103e-01
6.234942493263722074e-01
6.681433158726898247e-01
6.248900062651719933e-01
6.252521185707726747e-01
6.708301828832652358e-01
6.266329966031444210e-01
6.717245819387331895e-01
6.376128048897898859e-01
6.276714800867353450e-01
6.284170758350604569e-01
6.552299938021152181e-01
6.289206709539622020e-01
6.292335183301580592e-01
6.294063908399306628e-01
6.294866591153405189e-01
6.295145550750146368e-01
6.567732037780239507e-01
6.295199543094854855e-01
6.654792998065499621e-01
6.550748707520247516e-01
6.395388886093027470e-01
6.630991546184635821e-01
6.326645139179791766e-01
6.592160442935306452e-01
6.597310248208561045e-01
6.723768489774319956e-01
6.418445958473951718e-01
6.617121121827937991e-01
6.650236139923788592e-01
6.628984453732353899e-01
6.444266592512789549e-01
6.777529604476969505e-01
6.680574980582144606e-01
6.723130932274257177e-01
6.814355372797112897e-01
6.471573210016086097e-01
6.833064068951002490e-01
6.700192887063132208e-01
6.720885428759675317e-01
6.498990605913156360e-01
6.802350778582322288e-01
6.732104983248198282e-01
6.525190090037182866e-01
6.783163735226754865e-01
6.523759093321926938e-01
6.763714908856107710e-01
6.751271161766890794e-01
6.549015184478875762e-01
6.866408581223599761e-01
6.771574022066749743e-01
6.797853660282929811e-01
6.569599794015997807e-01
6.792981799265465082e-01
6.789831894296447512e-01
6.812741878264066964e-01
6.783627548157402654e-01
6.586491998889361099e-01
6.788583540863526444e-01
6.913497701444545340e-01
6.599708481553749895e-01
6.834232563742980160e-01
6.872882948801826153e-01
6.609620259977849743e-01
6.789958723684853537e-01
6.616722335935005805e-01
6.848135471922708328e-01
6.621513234649475388e-01
6.942291271282117204e-01
6.624487207762288499e-01
6.626129868748645846e-01
6.626892430389111910e-01
6.627157423171966544e-01
6.627208710860658103e-01
6.951866665598962491e-01
6.794654238475827945e-01
6.853862095534152266e-01
6.875675086124231061e-01
6.889902341830932420e-01
6.803235957186988259e-01
6.879050756090135943e-01
6.904639254546182103e-01
6.947479893080935609e-01
6.934734295703814944e-01
6.816031246357709961e-01
6.906865815856443325e-01
7.005100727760695811e-01
6.927662182513456557e-01
6.833041823665143566e-01
6.980726017840099829e-01
6.939907328482003424e-01
7.044321182170500961e-01
6.987263619794641389e-01
6.853901758802478650e-01
7.020137202665177600e-01
7.064165505805422018e-01
7.025862773648914317e-01
6.877891308667214432e-01
6.841228607974234599e-01
7.009170727695378522e-01
7.030202382073166278e-01
7.029816717366117462e-01
7.088555498694866230e-01
7.074293574048465816e-01
6.904005090779422593e-01
7.083756061251984537e-01
7.061802287938154787e-01
6.931059837073236807e-01
7.138503885298808083e-01
7.083086780962755125e-01
6.957818702419648060e-01
7.168905053473795252e-01
7.095521613414811357e-01
7.179011266488846132e-01
7.137695981514421417e-01
6.983109455750020622e-01
7.163254479888602200e-01
7.182877422799079925e-01
7.168741923536411376e-01
7.005925657095516401e-01
7.163832588832226289e-01
7.025523438167030621e-01
7.183021556524541440e-01
7.181332621250663406e-01
7.224218285759084202e-01
7.041531983178301868e-01
7.054012887142495636e-01
7.063345312955723321e-01
7.228560772119529965e-01
7.070015901431682126e-01
7.074508598795888892e-01
7.077294899619372970e-01
7.078833134323806453e-01
7.079547043126085404e-01
7.079795103362208630e-01
7.079843112349930578e-01
7.214093568459784001e-01
7.265508313584547739e-01
7.286338750508541962e-01
7.235855180506577389e-01
7.303777856500799359e-01
7.248476067750487806e-01
7.300848705312535936e-01
7.283858626306839446e-01
7.315816125551314331e-01
7.356868120917052778e-01
7.353090313241897880e-01
7.351638379294642700e-01
7.370580940102218204e-01
7.352594228498335882e-01
7.315860698759930614e-01
7.353336143237425571e-01
7.335246285423832058e-01
7.328537081852589674e-01
7.356511708738293631e-01
7.403696206889313070e-01
7.385167172706593730e-01
7.367754620986841640e-01
7.363851994514920563e-01
7.395746834874407094e-01
7.362046012534165795e-01
7.434288315291673888e-01
7.374950822093636615e-01
7.277300931857888511e-01
7.456730889284969299e-01
7.384271329286182795e-01
7.397071557433666511e-01
7.431763471106290764e-01
7.389933298010574747e-01
7.424344135300606773e-01
7.464629937259306125e-01
7.408624364439290177e-01
7.474940186195538905e-01
7.528314112214777865e-01
7.463566914827306498e-01
7.470013605917291688e-01
7.484910913019796608e-01
7.496669123849243332e-01
7.430556756841849575e-01
7.500174357071259790e-01
7.504236185203867482e-01
7.454983872371183651e-01
7.571598179990014499e-01
7.526899483014669601e-01
7.616528185897911696e-01
7.480946285726264300e-01
7.555033491928851985e-01
7.539874091112969134e-01
7.557970914942188090e-01
7.507364597471322121e-01
7.588219605669063172e-01
7.612941230544715276e-01
7.599255172968304439e-01
7.533141827270499746e-01
7.604581280670168475e-01
7.605504470026975827e-01
7.630324873842085909e-01
7.624834995235431068e-01
7.557258406325502165e-01
7.719110535710339560e-01
7.639467990134087838e-01
7.578852918552382301e-01
7.713124144297124340e-01
7.669828293554713516e-01
7.597300634782137019e-01
7.662547240540004134e-01
7.612307042851721439e-01
7.683750328545734254e-01
7.675685312708077079e-01
7.692442336297236061e-01
7.623964269461230847e-01
7.632653215278867309e-01
7.638849011016055623e-01
7.643015457404859214e-01
7.645597068170901789e-01
7.647021590485519882e-01
7.647682561081811103e-01
7.647912203230111672e-01
7.647956646212673570e-01
7.758822445189009764e-01
7.731226103535893124e-01
7.740896142457780460e-01
7.740498514193608903e-01
7.833568695004685667e-01
7.770086170802731340e-01
7.775411734879508208e-01
7.766737229196469805e-01
7.786902345992638974e-01
7.856462044495546859e-01
7.790203491276210812e-01
7.800833320606924692e-01
7.803493714950843207e-01
7.847614948259058476e-01
7.849096828426130878e-01
7.957310294716177790e-01
7.900612547655400109e-01
7.867533666568242712e-01
7.871109044555621992e-01
7.828116028539056082e-01
7.903003167006401597e-01
7.885181869118821352e-01
7.908469279395665685e-01
7.909002480829858683e-01
8.031124652965819788e-01
8.028314725623717507e-01
7.922431925745875292e-01
7.999454145427121743e-01
8.028279260890200941e-01
8.043618303438015982e-01
7.944311009268111290e-01
8.031020738862959529e-01
7.956253885355403233e-01
7.957441876737134656e-01
8.036916152178614769e-01
8.074246428381284257e-01
8.046240097032471006e-01
7.985745052423154355e-01
8.087776025483559561e-01
7.994041441742322229e-01
8.036907097937434630e-01
8.005974289496429197e-01
8.059144747490117888e-01
8.123454401646277301e-01
8.028074162812410819e-01
8.018181144420930551e-01
8.030346855940385664e-01
8.031735887378387284e-01
8.075583559394841071e-01
8.055572818741707497e-01
8.095234655667224999e-01
8.140228204874425666e-01
8.190030716577008096e-01
8.094375499777064498e-01
8.092709090194436516e-01
8.092625064902625454e-01
8.117595225114219160e-01
8.105094878354075494e-01
8.117047508946172441e-01
8.222453966492923039e-01
8.141818375097656935e-01
8.144531194315665079e-01
8.130712512702007455e-01
8.166556230702088914e-01
8.142847184665854554e-01
8.272260460609450750e-01
8.167252681221944810e-01
8.168068543698041584e-01
8.180290876425869717e-01
8.192673378365604719e-01
8.192739668338745451e-01
8.204958256354477619e-01
8.277111883005897619e-01
8.217203579889595932e-01
8.218663376750907634e-01
8.218717099256900305e-01
8.231468701801289978e-01
8.251371693910425353e-01
8.239963186684302610e-01
8.368097756193615400e-01
8.256433034679037108e-01
8.288524278234478126e-01
8.260204970834685856e-01
8.359060230455631624e-01
8.280186732477843314e-01
8.277414789911938797e-01
8.281304800236900521e-01
8.282450100226681489e-01
8.291361931208419689e-01
8.295144725091045945e-01
8.302160589734129958e-01
8.310186204388583242e-01
8.315896346066955491e-01
8.320491807307579535e-01
8.319730678120882406e-01
8.322104494158636401e-01
8.323413751132651139e-01
8.324021099907725763e-01
8.324232091826530011e-01
8.324272924194749956e-01
8.333690561623753323e-01
8.348158643201400997e-01
8.345530611817699729e-01
8.356124823155237635e-01
8.408742423216200024e-01
8.359435267593280372e-01
8.475269528259993246e-01
8.371952277572175527e-01
8.401988537568749749e-01
8.397122434111286005e-01
8.410352494443552596e-01
8.411077265495503497e-01
8.495513614706948768e-01
8.419996565005241074e-01
8.434191762837613959e-01
8.435624417395833907e-01
8.449617444938193334e-01
8.460951214386180919e-01
8.471282551361742907e-01
8.474971579737146099e-01
8.591389390578759722e-01
8.487504104962663165e-01
8.489000829506123669e-01
8.506213372170338127e-01
8.533956804236176863e-01
8.508893023637339459e-01
8.509658830927938622e-01
8.534815725810691589e-01
8.548740388805331492e-01
8.629975007159620404e-01
8.571733675264738839e-01
8.600541085261059759e-01
8.608046552629607939e-01
8.714059554189039769e-01
8.651776796759743648e-01
8.622200396552299750e-01
8.659846565318426448e-01
8.684367504755187150e-01
8.684611756440402397e-01
8.698298600108945733e-01
8.760851041544120976e-01
8.810783243676759691e-01
8.808764088925385982e-01
8.809797129410517069e-01
8.822091580099754582e-01
8.813809528849754216e-01
8.761370981819723847e-01
8.821062699623707370e-01
8.850195251827353005e-01
8.840987197175801393e-01
8.757126884094803554e-01
8.756440840971357886e-01
8.831673509649318188e-01
8.845645855691028903e-01
8.895479871989357967e-01
8.862777055454857944e-01
8.818298520377606531e-01
8.886821947629821583e-01
8.882752438536972717e-01
8.862017814298303042e-01
8.956888777781838451e-01
8.867417363142363618e-01
8.904951292348397551e-01
8.969939165516661594e-01
8.902538240908522971e-01
8.904066906371299606e-01
8.928659324077876658e-01
8.928178893791288706e-01
9.032905824416261886e-01
8.953037165093631344e-01
8.941493760935016466e-01
8.953074628840261839e-01
8.977209005784275719e-01
9.006658956799640237e-01
9.000305850887670989e-01
8.997960508795789236e-01
9.021595754694143876e-01
9.121703140427308565e-01
9.033974462856265708e-01
9.098955264312431623e-01
9.040431089867042580e-01
9.056383708300789204e-01
9.069271535480429858e-01
9.079222549085316230e-01
9.086599757421496282e-01
9.091838269522602989e-01
9.119445964692595163e-01
9.095351287926681794e-01
9.097524486063832683e-01
9.098722588301569880e-01
9.099278258774062822e-01
9.099471281136529699e-01
9.099508634950213004e-01
9.104148711923424342e-01
9.221231624345399558e-01
9.139831253786152576e-01
9.163119247917143051e-01
9.226262082197707048e-01
9.224358562947662099e-01
9.210409168083023568e-01
9.329318451254828837e-01
9.245961119923732374e-01
9.247281874806021484e-01
9.269143281105396426e-01
9.281939871688713595e-01
9.350312902412918348e-01
9.320694189051976775e-01
9.336299682837551073e-01
9.443758832155384475e-01
9.371883322632699187e-01
9.407834971423365555e-01
9.469779970067798702e-01
9.473093050231849999e-01
9.485221333442672709e-01
9.562396664262560186e-01
9.552339671363686557e-01
9.583536862850411397e-01
9.683223403351570724e-01
9.681813885618001381e-01
9.608729271420505258e-01
9.683586470396469137e-01
9.693435311956360989e-01
9.683197601593388493e-01
9.688429156880686843e-01
9.696475769766610409e-01
9.719115409818297469e-01
9.653982237113767351e-01
9.707749386287256588e-01
9.690632754226615742e-01
9.722160952159121239e-01
9.760600297288232197e-01
9.687733801611481121e-01
9.696488872678555859e-01
9.739444815358341279e-01
9.709940924198220413e-01
9.722190505008709849e-01
9.759176488462868448e-01
9.816972629014767415e-01
9.804292458138067490e-01
9.780777006664720385e-01
9.773990044404126110e-01
9.790235520521937129e-01
9.803583880635545755e-01
9.886897990516517742e-01
9.826699205500983858e-01
9.849469931003076439e-01
9.871085891563773362e-01
9.881772867875681099e-01
9.923942817087082480e-01
9.890886012152639850e-01
9.968752813750019204e-01
9.904584069418833625e-01
9.908332931599783677e-01
9.923059636612765466e-01
9.934927266814971292e-01
9.944070676509292328e-01
9.950835854672979153e-01
9.955632068236034415e-01
9.964493170666850475e-01
9.958844922648100173e-01
9.960831118405495399e-01
9.961925727754489257e-01
9.962433308007070387e-01
9.962609612175099549e-01
9.962643729896279998e-01
1.006070089646559085e+00
1.004068288176413359e+00
1.001155697647450049e+00
1.003792964347534289e+00
1.016077685769659844e+00
1.009677542114840509e+00
1.010161455061235669e+00
1.011845997781383399e+00
1.015322410901837946e+00
1.015515243206377871e+00
1.019810374513592688e+00
1.026696746273702665e+00
1.023008548710772736e+00
1.026046746944704990e+00
1.025111391189751142e+00
1.026270348847529990e+00
1.031174386654091224e+00
1.037728493384118211e+00
1.036148248160384533e+00
1.042008760625495523e+00
1.043570678416585240e+00
1.048982787128896588e+00
1.045548108306312951e+00
1.054179089962831606e+00
1.060282753019557989e+00
1.063423161703491049e+00
1.063327428367298211e+00
1.063551739765068449e+00
1.064346313136154798e+00
1.064081796361099341e+00
1.064924057872079111e+00
1.066690718807164373e+00
1.061983162684497994e+00
1.066072474725869190e+00
1.063864215726558760e+00
1.067511648526583201e+00
1.070485968900340978e+00
1.069211118215491529e+00
1.071471745781212848e+00
1.068909558640189328e+00
1.071125542087844273e+00
1.075652256370358106e+00
1.073197988451488838e+00
1.075362001802172340e+00
1.074913347040286515e+00
1.082072021409193896e+00
1.077546024100311639e+00
1.079678293188226279e+00
1.082400035159520213e+00
1.079954657758938508e+00
1.081691648972150865e+00
1.081473871963149147e+00
1.083527624619839314e+00
1.083998489927907816e+00
1.089601102277968803e+00
1.085139673471964272e+00
1.086496670346735360e+00
1.087014163038604764e+00
1.087587983087366705e+00
1.088427413500688834e+00
1.088997989163060787e+00
1.089047714030692005e+00
1.089486956340225854e+00
1.089780945316919825e+00
1.089962575447860349e+00
1.090062636963789355e+00
1.090089852430875972e+00
1.090109029380914363e+00
1.090125142009227277e+00
1.090128260024954887e+00
1.092946690448035607e+00
1.092558662566824879e+00
1.098075154560854472e+00
1.094700301884026672e+00
1.103005244561517939e+00
1.107316805230293966e+00
1.102413805731538909e+00
1.106377729941553367e+00
1.112485218043869573e+00
1.117142800802851887e+00
1.121309978288360432e+00
1.127370612912577785e+00
1.125543934259655598e+00
1.129414249094223388e+00
1.130202343909021190e+00
1.137824093005892045e+00
1.136741875986001071e+00
1.143244219968838626e+00
1.148337922830499069e+00
1.148878872616074132e+00
1.152724630944594431e+00
1.153608744098645333e+00
1.158760762586219073e+00
1.157401829865303711e+00
1.160229651881949042e+00
1.164885142732420942e+00
1.164822168006969694e+00
1.165073726302133350e+00
1.165722517047487194e+00
1.165623690738798235e+00
1.162089056487720429e+00
1.166473333568405213e+00
1.163112542493641488e+00
1.167866112490328012e+00
1.167612957291214615e+00
1.169021757897820368e+00
1.168958257750734253e+00
1.171342071431546561e+00
1.167429869784030405e+00
1.170664976062884666e+00
1.172499766309772484e+00
1.176080517347230625e+00
1.174470210585719210e+00
1.176513367128951382e+00
1.178812145583264748e+00
1.177077057714753128e+00
1.181977381449412556e+00
1.178563170016051265e+00
1.178381672939061486e+00
1.180554351384834888e+00
1.182426573910282386e+00
1.184127858363845265e+00
1.188904198353655461e+00
1.185617303125459321e+00
1.188215533649027655e+00
1.186868065433155817e+00
1.187871986838953564e+00
1.188390599919292301e+00
1.188643124528734996e+00
1.189212371977163007e+00
1.189615228899248089e+00
1.189884727160459787e+00
1.190051161965598459e+00
1.190142828764234384e+00
1.190185322837896909e+00
1.190200081068742977e+00
1.190202936924431576e+00
1.196713519866760445e+00
1.197083359491898813e+00
1.196363006499126636e+00
1.205245074058388655e+00
1.201547150205304781e+00
1.205341496442075888e+00
1.214332044640190178e+00
1.212927093971277070e+00
1.219786284981217772e+00
1.223806999406226170e+00
1.222000646188305506e+00
1.225872287677850281e+00
1.233507091891963281e+00
1.231144745607882340e+00
1.232993384462682807e+00
1.235569326669458734e+00
1.239116666315411397e+00
1.243278283253607119e+00
1.241760387052197823e+00
1.243498339136945852e+00
1.244454910561015870e+00
1.248491155174612510e+00
1.252978462965097295e+00
1.255706685192451211e+00
1.258739453833446431e+00
1.262479456867169114e+00
1.271186819388693934e+00
1.271147267412003012e+00
1.271412392438795447e+00
1.271950107634002292e+00
1.271965119566861313e+00
1.271667957265881554e+00
1.272803317352572572e+00
1.273916482161749464e+00
1.273914306189778634e+00
1.275274756579312108e+00
1.277109125315009308e+00
1.276850426009751072e+00
1.275602651597979476e+00
1.278594202707092009e+00
1.281466315986687921e+00
1.280449459219624719e+00
1.280459395587308924e+00
1.282381931418963505e+00
1.286895267388491471e+00
1.284302146431947733e+00
1.286160224307424604e+00
1.286698580093871058e+00
1.287901499937126770e+00
1.288731506884336575e+00
1.289479266219111242e+00
1.293280812855743589e+00
1.290857124042339654e+00
1.292011691966450604e+00
1.292936871245710773e+00
1.293646833790726536e+00
1.294170670881286789e+00
1.294541239158339740e+00
1.294789034802575012e+00
1.294942030405506594e+00
1.295026284693933771e+00
1.295065339482922795e+00
1.295078902747546223e+00
1.295081527335195881e+00
1.296447683647281135e+00
1.300490021837824584e+00
1.297890781697452534e+00
1.299665290307753907e+00
1.303536753885529365e+00
1.308377544218706667e+00
1.305682220489049028e+00
1.309947544820853960e+00
1.316791149852422738e+00
1.315636221799750150e+00
1.320564101707144555e+00
1.325577051438341369e+00
1.324697695293419297e+00
1.328009752328621396e+00
1.330476895331547782e+00
1.331410350739062443e+00
1.332099712455533158e+00
1.334584669733768880e+00
1.332995297886513164e+00
1.336767584824497090e+00
1.343670598776143477e+00
1.346325940832495682e+00
1.348975500341663691e+00
1.352701639746427986e+00
1.361556867109344093e+00
1.362129549655333616e+00
1.370128752921048632e+00
1.371328421637403538e+00
1.378323414998183782e+00
1.380804026196008616e+00
1.380781116620319438e+00
1.381050817974274869e+00
1.381503752397305052e+00
1.381595683694399890e+00
1.382411347307859195e+00
1.383315387556089515e+00
1.383483306110188549e+00
1.384787132136044541e+00
1.386259567701742634e+00
1.384670675196368217e+00
1.386288528090886096e+00
1.386060039561375579e+00
1.387944114126371309e+00
1.390281237783002499e+00
1.389703496843328834e+00
1.391509237695012224e+00
1.395296980741194792e+00
1.393272502493704490e+00
1.393309113841498359e+00
1.395044640099445177e+00
1.396666835002827067e+00
1.398133254452093466e+00
1.401202796708076459e+00
1.399411150880567112e+00
1.399897116896282379e+00
1.400479922204425964e+00
1.401335069085586138e+00
1.401990715307180446e+00
1.402474314655876686e+00
1.402816393060236422e+00
1.403045135017374712e+00
1.403186359192391430e+00
1.403264124262237011e+00
1.403300168565426276e+00
1.403312685893592926e+00
1.403315108058987404e+00
1.407878091273208732e+00
1.405888081144359258e+00
1.408728427303093556e+00
1.411203327354292769e+00
1.415190360560485638e+00
1.413260886121303184e+00
1.414501568106837137e+00
1.415808172033192536e+00
1.419672783636070967e+00
1.419719116047272855e+00
1.423000112895052460e+00
1.422768019355183267e+00
1.425072775816808912e+00
1.426586972606442849e+00
1.427420936905700932e+00
1.431165665509061213e+00
1.430949946780456727e+00
1.439547508553377764e+00
1.439897530701485406e+00
1.448012009438144343e+00
1.452153244103998597e+00
1.454692396375355301e+00
1.456434325241895866e+00
1.464700473246048018e+00
1.472708562983532810e+00
1.475744930923953202e+00
1.476538915679762809e+00
1.480369226933722304e+00
1.487605328059592225e+00
1.492219610598393809e+00
1.492208495983235572e+00
1.492477126905438878e+00
1.492864943190460592e+00
1.493008055604761131e+00
1.493795478918487074e+00
1.494542297527337915e+00
1.494823900833763153e+00
1.494351082634177486e+00
1.496068557172031355e+00
1.497270140934773286e+00
1.497495675997427167e+00
1.497903784380830272e+00
1.499063424440961745e+00
1.500998870396559992e+00
1.500723651172357176e+00
1.500550774238767815e+00
1.502424312064607026e+00
1.505652838567578922e+00
1.504112546897985681e+00
1.503862459689085496e+00
1.505736462196173964e+00
1.506158492379267910e+00
1.507252477973342275e+00
1.508619764075685321e+00
1.511137390787266721e+00
1.509809075285526658e+00
1.510801963278316284e+00
1.511132019861395559e+00
1.511595230029166625e+00
1.512203032152503512e+00
1.512651385078754629e+00
1.512968619397828007e+00
1.513180769861991681e+00
1.513311743487799843e+00
1.513383857699146962e+00
1.513417280749149940e+00
1.513428887446110371e+00
1.513431133380085836e+00
1.517342359178358580e+00
1.515439241716812102e+00
1.519051145186788743e+00
1.521941440725904648e+00
1.524146216346591309e+00
1.522845270803415696e+00
1.524108653469224972e+00
1.525520257032281668e+00
1.526299587896241094e+00
1.531420486068577613e+00
1.529604757475071519e+00
1.539034091110507818e+00
1.537973712055102915e+00
1.539317528589286388e+00
1.541532443074463687e+00
1.546857360356712618e+00
1.551693443722663490e+00
1.552005101368941986e+00
1.554765484797153041e+00
1.562641293530205866e+00
1.570377292342445719e+00
1.571677148591857698e+00
1.577876953000023619e+00
1.582559479528843349e+00
1.585055270126201510e+00
1.591838640123403925e+00
1.598164174451924602e+00
1.598044341051826356e+00
1.603928309611589498e+00
1.603925540943850203e+00
1.604189732556949410e+00
1.604527104355614853e+00
1.604703668712638143e+00
1.603978620265311461e+00
1.605460647216224279e+00
1.606088327043112773e+00
1.606444715973051274e+00
1.607631236143674869e+00
1.608628634530697488e+00
1.608987280281878762e+00
1.609237096189142235e+00
1.610472642303521607e+00
1.612102897819165825e+00
1.612041541921330090e+00
1.613644937196657470e+00
1.613690284077148762e+00
1.613901841864274989e+00
1.616441921135483906e+00
1.615233228504496799e+00
1.616759038598378995e+00
1.617941152847950814e+00
1.618179737087509062e+00
1.619459420485688694e+00
1.621558868859013902e+00
1.620570754128503488e+00
1.621328174757883600e+00
1.621497435674224885e+00
1.622236565371123262e+00
1.622802920437729446e+00
1.623220762655913196e+00
1.623516468672793422e+00
1.623714227002773791e+00
1.623836306721158307e+00
1.623903518677374924e+00
1.623934668104932699e+00
1.623945485005301448e+00
1.623947578096527122e+00
1.624041293856526069e+00
1.627352368675108352e+00
1.626061083837010646e+00
1.627387995679403732e+00
1.628119634253010206e+00
1.631201150178771320e+00
1.631459300431365111e+00
1.633710236448588704e+00
1.632945629007331645e+00
1.633708211938857513e+00
1.640513465690214279e+00
1.639098939931684429e+00
1.647640195782593464e+00
1.652112957143614169e+00
1.654969407105223667e+00
1.662384148983404142e+00
1.669774178129868281e+00
1.670753326571105646e+00
1.672337113082877025e+00
1.677037947529808726e+00
1.683064286454153846e+00
1.684083923182256193e+00
1.690831228288508070e+00
1.692559584580070720e+00
1.695607917823580779e+00
1.697209648623311251e+00
1.703159090970074452e+00
1.708628648056653043e+00
1.714441856266369468e+00
1.714444974340642469e+00
1.714702868378231271e+00
1.713575459905777754e+00
1.715000811944206616e+00
1.715198696777470388e+00
1.715925215832396988e+00
1.716461812249678642e+00
1.716866354963138663e+00
1.717997868161421193e+00
1.718840041799289731e+00
1.717963561684941132e+00
1.719287822055495907e+00
1.720697636479875614e+00
1.722094058685524232e+00
1.720800326614235543e+00
1.721762865059492720e+00
1.722183743014824575e+00
1.723699774637614368e+00
1.726160037177631779e+00
1.724948342002776691e+00
1.725199085014670342e+00
1.726637308594737519e+00
1.727143547109395216e+00
1.727499221013262032e+00
1.727974653175748276e+00
1.729177737578897034e+00
1.729397940647817933e+00
1.730957690812264138e+00
1.730221195025243519e+00
1.730644643803881833e+00
1.731089953376071078e+00
1.731332764463652030e+00
1.731782691843222866e+00
1.732313145485957939e+00
1.732704577964366388e+00
1.732981647316716112e+00
1.733166951703485781e+00
1.733281338242804503e+00
1.733344310847495739e+00
1.733373494370991974e+00
1.733383628408750488e+00
1.733385589353696909e+00
1.734260197661271929e+00
1.736393064050241852e+00
1.742361909858828106e+00
1.741670018693604716e+00
1.741934968421784191e+00
1.748753332334694210e+00
1.753931178412300396e+00
1.755453436304964976e+00
1.758689664189943658e+00
1.762348754014122942e+00
1.765798631099203764e+00
1.769329269374032565e+00
1.771520376420852916e+00
1.776290924019292561e+00
1.776795028502039964e+00
1.783137544441330657e+00
1.789782161137314365e+00
1.794969255261545049e+00
1.796147708604010296e+00
1.802167126048785706e+00
1.807782934829990973e+00
1.811774158704599236e+00
1.812946429477664934e+00
1.817616653386603831e+00
1.822296938273840983e+00
1.822304182077610468e+00
1.822554909767131415e+00
1.822821788384766606e+00
1.821759324360905596e+00
1.823032733191047638e+00
1.823730101996097419e+00
1.824196473231247895e+00
1.824631031329956965e+00
1.824799385522732909e+00
1.825711808270860992e+00
1.826435012475742248e+00
1.825345843801080115e+00
1.826941537718988817e+00
1.828283193316613708e+00
1.829499014786721389e+00
1.828352490153738907e+00
1.829695226122120211e+00
1.830759696757241484e+00
1.831133644888260248e+00
1.831420100203429602e+00
1.833329134763269197e+00
1.832554378865454803e+00
1.832551040171733536e+00
1.833727025080555739e+00
1.833915656353408252e+00
1.834376547495068621e+00
1.835180118332887966e+00
1.836316507323029867e+00
1.837850578305389782e+00
1.837144538356107581e+00
1.837301167931916890e+00
1.838120239377814435e+00
1.838772934422933547e+00
1.839272605905081459e+00
1.839641340084217314e+00
1.839893707967130254e+00
1.839902360472736031e+00
1.840076929767620051e+00
1.840184684099396062e+00
1.840244002236695486e+00
1.840271491134858106e+00
1.840281036562864347e+00
1.840282883602963437e+00
1.842975644216313436e+00
1.844147888944502656e+00
1.848606819156571657e+00
1.848427256382946471e+00
1.854640134136700036e+00
1.855737923189026750e+00
1.860968547189143285e+00
1.861432592449191015e+00
1.865036876962428813e+00
1.867485140830181134e+00
1.872375174250755503e+00
1.874085967593027702e+00
1.880672434323953590e+00
1.887153165095922125e+00
1.893445309481655459e+00
1.894580652050369851e+00
1.899475277039840204e+00
1.905178906790900628e+00
1.905107107447772563e+00
1.909432171344153328e+00
1.910501134306041182e+00
1.915395279077760193e+00
1.919822110323480047e+00
1.922871841460422448e+00
1.923748848488728180e+00
1.926067200057890005e+00
1.926077308636888752e+00
1.925247498426976733e+00
1.926320651295211128e+00
1.926562896359800936e+00
1.926781326717667664e+00
1.927451630118487191e+00
1.927863461231905884e+00
1.927148232794695604e+00
1.928315778443111306e+00
1.929350649829268738e+00
1.929982011746105286e+00
1.929997737970326366e+00
1.930526365839773772e+00
1.931807340482647684e+00
1.932882687330570226e+00
1.932278849714541336e+00
1.933153839287406583e+00
1.933976047491066774e+00
1.934523963719034345e+00
1.935089952538452174e+00
1.936509885540859788e+00
1.935705501563928621e+00
1.935875882512802626e+00
1.937170061222736495e+00
1.938371230792642175e+00
1.938332232965984669e+00
1.939449953480780975e+00
1.940793420167931327e+00
1.940384024352393766e+00
1.941160552820289986e+00
1.941779067167040740e+00
1.942252453053936900e+00
1.942601752908466040e+00
1.942848999551913369e+00
1.943014345373192286e+00
1.943116399853781706e+00
1.943172577977209325e+00
1.943198611231126360e+00
1.943207651100006927e+00
1.943209400308488766e+00
1.945650860833001428e+00
1.944973960904484045e+00
1.950990397052167147e+00
1.950959703572272108e+00
1.955825695574144207e+00
1.956713958472248605e+00
1.955973397268480074e+00
1.957678583542625361e+00
1.962720374562051617e+00
1.968908377855995040e+00
1.971765063190658918e+00
1.975179294918662620e+00
1.981439321297810974e+00
1.984523710415146747e+00
1.987601321083706241e+00
1.991799695616260246e+00
1.992868568286155107e+00
1.993586115052579100e+00
1.999323233036063518e+00
1.999255084930853466e+00
2.004751131879204173e+00
2.009816931928055439e+00
2.013326802331980581e+00
2.014475783479101167e+00
2.018690010239057919e+00
2.019786868140356351e+00
2.022428176951418077e+00
2.024379426590778852e+00
2.024391505579868689e+00
2.024627675529505400e+00
2.024850292266731966e+00
2.025072520512426255e+00
2.025718278058121324e+00
2.026087499101134171e+00
2.025664202180030404e+00
2.026549425176098929e+00
2.027543436502939667e+00
2.028103469525627034e+00
2.028671388581953838e+00
2.028376599400264269e+00
2.029898999960015882e+00
2.030864444120818568e+00
2.030547775546608147e+00
2.031188143279583525e+00
2.032163031191394964e+00
2.032498746424622027e+00
2.033223051482762944e+00
2.034317946262862442e+00
2.033790913445859161e+00
2.033808927179055814e+00
2.035027031453051638e+00
2.036173621073630979e+00
2.036310404544782404e+00
2.037202800146060699e+00
2.038397651295171364e+00
2.038093591137435823e+00
2.038833879358460166e+00
2.039423353511658821e+00
2.039874397002331197e+00
2.040207138529599451e+00
2.040442625365414209e+00
2.040600088753159902e+00
2.040697271015857517e+00
2.040750764887050650e+00
2.040775553714185175e+00
2.040784161386494322e+00
2.040785826960582749e+00
2.043025562232565928e+00
2.042634998061506391e+00
2.048114684758655546e+00
2.047644742453680777e+00
2.048163561458780979e+00
2.053571952322621463e+00
2.052951103673631650e+00
2.053110075758041830e+00
2.059301199946305783e+00
2.063832395471912662e+00
2.065206003745843066e+00
2.068164238043205039e+00
2.071192239490510900e+00
2.077170261163260534e+00
2.077057553862400763e+00
2.083056640907083423e+00
2.088294395370560608e+00
2.088775432552167910e+00
2.092638669826916598e+00
2.094258931103593735e+00
2.099447924681493216e+00
2.102631287419437722e+00
2.104291484655352651e+00
2.108746396021178526e+00
2.112776365034175097e+00
2.113999963013560635e+00
2.115932879272990785e+00
2.115946306579272296e+00
2.116175801282001334e+00
2.116382728597592688e+00
2.116606405258312673e+00
2.116351142659600892e+00
2.117230357821978881e+00
2.117566144604430267e+00
2.118032416555925668e+00
2.118990624850618953e+00
2.119495007527799846e+00
2.119445679114327685e+00
2.120076928795331384e+00
2.121258204736603314e+00
2.122137299251398268e+00
2.122039390028610306e+00
2.122497728322679134e+00
2.123757003968460566e+00
2.124115468886658586e+00
2.125443146449610854e+00
2.124997793241259370e+00
2.125659909074610887e+00
2.126184120635283836e+00
2.126673421288137078e+00
2.127233567867641728e+00
2.127284027582607262e+00
2.128270951356612706e+00
2.129349449724755150e+00
2.129124947053341099e+00
2.129625197652909474e+00
2.129834523692490045e+00
2.130399436585046491e+00
2.130831577587231962e+00
2.131150285679519918e+00
2.131375790940877923e+00
2.131526559272464816e+00
2.131619602649085010e+00
2.131670816371127319e+00
2.131694548171229719e+00
2.131702788742155796e+00
2.131704383279084070e+00
2.133781926171298693e+00
2.135673339721270381e+00
2.138657629592966458e+00
2.138743232001270922e+00
2.138917929413729269e+00
2.140283971158873033e+00
2.143887714711419257e+00
2.145694029856120455e+00
2.145709841504364945e+00
2.146223588583155983e+00
2.149380256545134760e+00
2.155042952660651157e+00
2.160103040884267411e+00
2.160785569259186190e+00
2.163729835790793476e+00
2.166522036000177565e+00
2.172172131677823526e+00
2.177662721811287838e+00
2.179384046125566687e+00
2.182928518518660432e+00
2.183713052985865044e+00
2.187912355980847323e+00
2.191615047450788722e+00
2.192565021893369437e+00
2.196844739351806020e+00
2.199519623747936414e+00
2.199533976889409104e+00
2.199757475384188865e+00
2.199951853224277443e+00
2.200175573109491189e+00
2.200780545474915861e+00
2.201090046167704539e+00
2.200716427657809060e+00
2.201557426623699687e+00
2.202484780446116730e+00
2.202945645345292913e+00
2.203535323957697134e+00
2.204027369251697621e+00
2.204150873078110529e+00
2.204676940934666707e+00
2.205488068238735000e+00
2.205874112545692434e+00
2.207089685705047266e+00
2.207123919694630398e+00
2.208669596811750235e+00
2.208286824158842698e+00
2.209430930843480301e+00
2.209615758524345441e+00
2.210491323000973285e+00
2.211442541565991515e+00
2.211610254132126752e+00
2.212429808187554858e+00
2.212265500624610581e+00
2.212949216264727514e+00
2.213093987915081051e+00
2.213493471468328089e+00
2.213909717594165105e+00
2.214067671509924562e+00
2.214216619895688964e+00
2.214433724299861517e+00
2.214578856882198465e+00
2.214605710581635467e+00
2.214668416267028483e+00
2.214717710738159262e+00
2.214740552854957301e+00
2.214748484448763488e+00
2.214750019196424002e+00
2.216697509319574433e+00
2.216902166233250870e+00
2.219799928835478386e+00
2.221393130964221196e+00
2.221496722583463868e+00
2.222711934953499835e+00
2.226431359872550697e+00
2.228102219270877260e+00
2.230203729022712800e+00
2.231723830611977988e+00
2.232341125110579583e+00
2.234459961137455153e+00
2.237181713511693815e+00
2.242718066043807301e+00
2.246193253667394973e+00
2.248249855882997750e+00
2.250296584268062006e+00
2.253699598518040137e+00
2.258996569806746901e+00
2.264077562587430315e+00
2.264740462252817998e+00
2.268887178464314758e+00
2.270978369072908176e+00
2.273377691088391384e+00
2.274043230015739603e+00
2.274058227159989620e+00
2.274276513362835761e+00
2.274460888971976846e+00
2.274683897724409487e+00
2.275272708974771518e+00
2.275561586704028638e+00
2.276028237974886625e+00
2.276929508591751805e+00
2.277356399142983712e+00
2.277508569245866088e+00
2.277949903708970769e+00
2.278737150442884829e+00
2.279058165021571103e+00
2.279815915831222117e+00
2.280219790246702516e+00
2.281245781002320783e+00
2.281398750048271751e+00
2.282894184703402107e+00
2.282559374912713324e+00
2.283668210516116570e+00
2.284561010702314654e+00
2.284695618737120792e+00
2.285617062282174761e+00
2.286532980193995090e+00
2.286414145509268359e+00
2.287076302138679296e+00
2.287430853767558503e+00
2.287603339944146441e+00
2.288006347026122711e+00
2.288303425554222503e+00
2.288463807162520514e+00
2.288513545358978440e+00
2.288653994638757627e+00
2.288740659541268041e+00
2.288788359641445780e+00
2.288810462693785297e+00
2.288818137622201210e+00
2.288819622703538226e+00
2.289836163629364929e+00
2.290663651113020283e+00
2.291761372686401455e+00
2.293193585714546234e+00
2.294133507727025290e+00
2.295209412505930580e+00
2.294652764066548389e+00
2.295326605851039314e+00
2.296597444022603351e+00
2.296868278501241978e+00
2.300087870506455356e+00
2.301090923112641295e+00
2.302475123242093247e+00
2.305213609822755139e+00
2.310500687485633531e+00
2.311770820036167962e+00
2.313693887622171985e+00
2.314281716030006208e+00
2.315864905409954932e+00
2.317787340404006358e+00
2.321225772887758332e+00
2.325148726199104843e+00
2.326508102718087390e+00
2.331643201043579694e+00
2.335229428511582661e+00
2.336569619176426915e+00
2.338533744847660412e+00
2.338549198042257693e+00
2.338763105365043948e+00
2.338939592680041368e+00
2.339161569493879433e+00
2.339736978022251890e+00
2.340009818253486085e+00
2.340474848563079746e+00
2.341354597483126021e+00
2.341233456815551062e+00
2.341755182118181011e+00
2.342350166267878731e+00
2.343069824335761719e+00
2.343431008451290598e+00
2.344147215181207056e+00
2.344563458636248043e+00
2.345588160036544245e+00
2.345712505096046563e+00
2.347141388115441263e+00
2.346843126618313846e+00
2.347923104140202444e+00
2.348923544825804122e+00
2.349594552339822062e+00
2.349820621991566494e+00
2.350681248406071511e+00
2.350596513986705105e+00
2.351240991984192341e+00
2.351753903477347585e+00
2.352146062137351112e+00
2.352435109147114733e+00
2.352639529162966703e+00
2.352776160315328990e+00
2.352860466316947452e+00
2.352906867259200396e+00
2.352928368122768177e+00
2.352935833919628461e+00
2.352937278532677645e+00
2.353012176272937683e+00
2.353219173781316176e+00
2.354700199385174386e+00
2.356434574739560972e+00
2.359123710726040990e+00
2.359218019425548984e+00
2.359259811454905265e+00
2.361550943944891401e+00
2.362495104197711360e+00
2.363871757375078708e+00
2.363418191276171587e+00
2.364807221042870111e+00
2.365718779198418442e+00
2.366007070905959964e+00
2.366222375117376764e+00
2.368370080932769017e+00
2.368861323058482959e+00
2.374008817680363315e+00
2.373807174504633632e+00
2.375243575400802332e+00
2.379232285434791816e+00
2.382664127078101046e+00
2.382824232444598955e+00
2.384453317246276072e+00
2.389598612153899015e+00
2.392157912760243477e+00
2.392173693352398711e+00
2.392384068328356150e+00
2.392554468688916636e+00
2.392775371874409807e+00
2.393340047950359484e+00
2.393600661650821859e+00
2.394063804550456975e+00
2.394263276075530023e+00
2.394601144577529706e+00
2.394380997640550124e+00
2.394926378890276375e+00
2.395306981545095137e+00
2.395902171888594445e+00
2.395804418776444233e+00
2.396961176389132309e+00
2.396946850960980591e+00
2.397645695320382409e+00
2.398070435842797998e+00
2.399195549810948069e+00
2.399400953415292914e+00
2.400573388958636478e+00
2.400302549518641637e+00
2.401359628423269665e+00
2.402338662408556758e+00
2.403216384959628638e+00
2.404035001641347424e+00
2.403945317923650293e+00
2.403975410267426227e+00
2.404605784444052929e+00
2.405107414058601289e+00
2.405490922024599243e+00
2.405773584702592061e+00
2.405973485788929889e+00
2.406107094011359138e+00
2.406189533374168299e+00
2.406234906412498820e+00
2.406255930846343816e+00
2.406263231194160745e+00
2.406264643792097147e+00
2.407965551519007263e+00
2.408188850336012266e+00
2.412292283006330695e+00
2.412092960102482309e+00
2.412454676816885524e+00
2.413199805075594728e+00
2.415625250552151826e+00
2.416937038710138985e+00
2.417030627562794187e+00
2.418758783596392625e+00
2.421818697113481189e+00
2.421471340850300802e+00
2.423744776376970389e+00
2.425564389244091679e+00
2.426855529740494344e+00
2.426918007319346149e+00
2.427806326481722898e+00
2.428296953483790155e+00
2.428493722301824587e+00
2.430389649799944873e+00
2.431967358028513271e+00
2.434224360050467162e+00
2.434240375049513183e+00
2.434448057128910659e+00
2.434613949571416747e+00
2.434833912160210279e+00
2.435390432186220089e+00
2.435642080984914859e+00
2.435475378114427158e+00
2.435688646473252117e+00
2.436103470588496744e+00
2.436953023602578927e+00
2.437077438943762608e+00
2.437319019785235241e+00
2.437913823050354978e+00
2.438956329642410381e+00
2.439617582825588826e+00
2.440048048563344452e+00
2.441155147842543283e+00
2.441455969053057284e+00
2.442113949681981477e+00
2.442495191137433519e+00
2.442244218846056469e+00
2.443283996506810052e+00
2.444246845918101485e+00
2.444476257509546446e+00
2.445109913714320626e+00
2.445897826926791918e+00
2.445856135322451941e+00
2.446475770869083188e+00
2.447011206171356257e+00
2.446968797822616892e+00
2.447345721237572658e+00
2.447623542818985864e+00
2.447820028192012831e+00
2.447951355228617398e+00
2.448032386793316473e+00
2.448076984700561454e+00
2.448097649861826763e+00
2.448104825442417809e+00
2.448106213897250250e+00
2.449761719886265787e+00
2.451374965101785097e+00
2.451710372661415338e+00
2.454015447527162497e+00
2.454208172076697725e+00
2.454349452894403427e+00
2.456159781596117586e+00
2.457130702519441989e+00
2.458582257143424155e+00
2.460314856733552880e+00
2.463382454160867763e+00
2.463033291804102909e+00
2.463048734107467386e+00
2.464182738623588165e+00
2.464198915341955676e+00
2.464404729072653399e+00
2.464137713367256843e+00
2.464567539106134575e+00
2.464786800687349899e+00
2.465337657003235705e+00
2.465583224750572011e+00
2.466043266069338102e+00
2.466883787761674274e+00
2.467239888732398967e+00
2.467596546363710619e+00
2.467834202169361113e+00
2.468335720176523029e+00
2.468484615441367325e+00
2.468865269370988713e+00
2.469510725533644369e+00
2.469944844666694284e+00
2.470664919891664368e+00
2.471039474884912046e+00
2.472353730677363082e+00
2.472116137466827013e+00
2.473363207245946604e+00
2.473143937053521757e+00
2.473321053828847038e+00
2.474095570496593233e+00
2.474095031098034969e+00
2.474948461832578772e+00
2.475715604419610472e+00
2.475547174953574903e+00
2.475685763125399230e+00
2.476297890438019511e+00
2.476710592594180582e+00
2.476784889076164120e+00
2.477157209032002427e+00
2.477328889974518056e+00
2.477431659823443155e+00
2.477625775886562742e+00
2.477755523666846482e+00
2.477835581305471102e+00
2.477879643063717996e+00
2.477900059726352300e+00
2.477907149009046517e+00
2.477908520764719125e+00
2.478389413460731827e+00
2.478654287466881989e+00
2.479533411228082240e+00
2.479524069000195396e+00
2.480004514029539475e+00
2.481610843251353060e+00
2.481627118555837175e+00
2.481831872788888838e+00
2.481992930935654762e+00
2.482211789138017100e+00
2.482053759822727912e+00
2.482759418428330811e+00
2.483001547329023673e+00
2.483343672935304891e+00
2.483460787717305163e+00
2.483736648807626235e+00
2.483959737792561739e+00
2.484296159686641303e+00
2.484646673310124232e+00
2.485240650039141741e+00
2.486265194886111196e+00
2.486901717775777509e+00
2.487337847249666112e+00
2.487242448499177527e+00
2.488249532554514420e+00
2.488161307337446448e+00
2.488425368847932972e+00
2.489725002760443839e+00
2.489494955273054533e+00
2.490515918661219796e+00
2.491461139911567368e+00
2.492308195493075029e+00
2.492993354585909316e+00
2.493063637110027653e+00
2.492784351916217389e+00
2.493040357224896919e+00
2.493648133196257444e+00
2.494131632623617367e+00
2.494266173948168852e+00
2.494501285334230545e+00
2.494773796325811421e+00
2.494966555505447214e+00
2.495095401099638011e+00
2.495174902777342218e+00
2.495218658509124943e+00
2.495238933330013786e+00
2.495245973353686253e+00
2.495247335577494674e+00
2.495819861260066386e+00
2.495855461228312588e+00
2.496224744543085627e+00
2.496855160451008970e+00
2.497161895926967468e+00
2.497888761123577606e+00
2.501029593255070349e+00
2.501250002793276028e+00
2.501277650935073815e+00
2.502857844122857944e+00
2.505011327877401772e+00
2.505511705174138903e+00
2.507825961502829770e+00
2.508244948969076571e+00
2.508414522172639050e+00
2.510223349999224141e+00
2.511433535136725848e+00
2.512723234043493736e+00
2.514046912845526727e+00
2.514283659133544457e+00
2.515085727968835450e+00
2.516237160593944644e+00
2.517485679331888271e+00
2.517990119388483716e+00
2.519294080942105829e+00
2.520021461047968536e+00
2.520149760112166071e+00
2.520622471123594277e+00
2.522055949061193125e+00
2.522638832419217714e+00
2.522740186753821057e+00
2.524956400818661795e+00
2.524866238571544574e+00
2.526383654462083683e+00
2.527745410559663952e+00
2.528094070486269995e+00
2.529821116780742951e+00
2.530425305004089687e+00
2.532443077073337712e+00
2.534143932951243183e+00
2.534552025689031929e+00
2.535145575149582609e+00
2.536215721127017542e+00
2.537508507685485526e+00
2.539092127883021632e+00
2.540493248682319294e+00
2.540723773473790192e+00
2.543076930783639167e+00
2.543391334704117046e+00
2.545242251736885120e+00
2.546165218170235001e+00
2.546975216065692216e+00
2.547406411289299122e+00
2.548264260545539450e+00
2.548415476252108736e+00
2.549110113379660092e+00
2.549577468816134118e+00
2.551100606478626354e+00
2.551572254959755703e+00
2.552141920860337976e+00
2.554443072912508494e+00
2.555139647196753572e+00
2.556621402879059257e+00
2.557408185405230405e+00
2.559974850920519351e+00
2.562125879406117246e+00
2.563847368723284337e+00
2.564776572532802223e+00
2.564997164425041998e+00
2.565127834418050590e+00
2.565596397793159511e+00
2.565968021844224012e+00
2.566432317661597740e+00
2.568414776867635752e+00
2.572551423799012582e+00
2.573431641735954400e+00
2.577061515179562612e+00
2.579761759188488490e+00
2.581753606415450264e+00
2.585748088690600799e+00
2.593175602735563245e+00
2.593245424853925396e+00
2.593741054463885032e+00
2.602552873680227030e+00
2.603975485034353721e+00
2.604331823495253939e+00
2.608066462896214688e+00
2.609819991868642663e+00
2.611734874851041166e+00
2.613986709030011291e+00
2.614310132729749991e+00
2.621898861492931943e+00
2.629797360611779933e+00
2.630433690094503341e+00
2.636812140640492963e+00
2.639696270233269804e+00
2.641661930286133053e+00
2.643044933282476805e+00
2.655984662349240022e+00
2.670678667551965368e+00
2.676322889226545154e+00
2.677579453100899620e+00
2.679804071280230904e+00
2.679836685483298897e+00
2.682452131073647994e+00
2.684506897489764565e+00
2.684756122638138898e+00
2.685786233487451824e+00
2.686779839362409827e+00
2.707094415794486952e+00
2.722080938935773187e+00
2.722980327480539753e+00
2.732626742714737045e+00
2.739620573606222464e+00
2.743922776039716460e+00
2.746324455711989909e+00
2.747504926660850000e+00
2.747989815915380163e+00
2.748113180368988662e+00
2.748920787830626988e+00
2.764566068706728608e+00
2.769546316301411348e+00
2.785556321140199909e+00
2.795929737805621151e+00
2.797628563409976454e+00
2.806397323400507293e+00
2.811312946309779015e+00
2.812424411640655375e+00
2.816168170064615950e+00
2.817954941240069733e+00
2.821782687578664017e+00
2.842626653736987308e+00
2.847681271587129359e+00
2.858930064817470473e+00
2.862785440857062547e+00
2.871115447335910176e+00
2.878133869452280891e+00
2.879540805256169289e+00
2.884480321342727471e+00
2.886107078151038063e+00
2.902977757474992426e+00
2.903528752597336560e+00
2.918342752731441614e+00
2.922485388619117774e+00
2.936891438198131699e+00
2.937754785049614181e+00
2.946384336251398395e+00
2.951096504234264728e+00
2.962637463873215804e+00
2.965589012060042773e+00
2.977156335309561364e+00
2.987130629759073397e+00
2.999639451434802151e+00
3.002458687919518088e+00
3.011631509075520796e+00
3.014685196010840507e+00
3.024012043715770037e+00
3.029314380666773499e+00
3.038236758129326809e+00
3.051618702962637375e+00
3.062655943980451934e+00
3.066512961052309194e+00
3.073967860569060129e+00
3.086530372633124131e+00
3.092922961047725572e+00
3.100467705033326027e+00
3.114662137992075142e+00
3.125585870111471820e+00
3.127755551618421670e+00
3.132129066821438546e+00
3.148982970888755784e+00
3.155141203012339357e+00
3.162644856773509705e+00
3.174976052508622804e+00
3.184933961014898784e+00
3.187166564120582635e+00
3.210114883527713570e+00
3.214695796376715098e+00
3.223517711538836039e+00
3.231318934278201382e+00
3.236878869528772462e+00
3.246133800631277211e+00
3.268668331539979821e+00
3.270354508763094969e+00
3.281832205851261897e+00
3.282528902895497147e+00
3.301262679658174548e+00
3.320962641210894351e+00
3.323423640118354339e+00
3.327554769272407231e+00
3.336371679124174427e+00
3.351404233942917088e+00
3.365473262259200293e+00
3.373235952246345537e+00
3.385993659880675022e+00
3.395515870548814430e+00
3.402971255981573240e+00
3.417065822469325997e+00
3.429660544585097171e+00
3.432684754314581088e+00
3.454002759862025762e+00
3.462144563703518862e+00
3.466463231900328346e+00
3.483281628904015381e+00
3.495637611104148945e+00
3.504291728081889268e+00
3.516573548385492742e+00
3.528812673615067563e+00
