1.000000000000000056e-01 3.837326909482857332e-05 2.617299364763132785e-06 1.840430081236065572e-05 4.457185631978165020e-06
3.002004008016032621e-01 3.016153055817063795e-03 2.055938932332955244e-04 1.447880380854169296e-03 3.505035700278785250e-04
5.004008016032064354e-01 2.181420620186335507e-02 1.485088064330361427e-03 1.049056546719695851e-02 2.537405431519675850e-03
7.006012024048097198e-01 7.605183869000028962e-02 5.167553477364977485e-03 3.667290774831528238e-02 8.858683901414168144e-03
9.008016032064128931e-01 1.827868102894471269e-01 1.238688480568193515e-02 8.846241122602080398e-02 2.133043768485488531e-02
1.101002004008016177e+00 3.481036911841352000e-01 2.350764816026100490e-02 1.692426822431092881e-01 4.071249048085823913e-02
1.301202404809619573e+00 5.631576390966215317e-01 3.786202806151389016e-02 2.753176526323881657e-01 6.603213677165511997e-02
1.501402805611222746e+00 8.059700974357825176e-01 5.388767247021720996e-02 3.965933995393660649e-01 9.476642050127524752e-02
1.701603206412825919e+00 1.047714421595675960e+00 6.957421447861178443e-02 5.194115725401159400e-01 1.235488558888849786e-01
1.901803607214429093e+00 1.260593212784261619e+00 8.301325489516679645e-02 6.302299661595471836e-01 1.490761526192156960e-01
2.102004008016032266e+00 1.424293739177815654e+00 9.284131925604549584e-02 7.187490919267087719e-01 1.688697379485689098e-01
2.302204408817635439e+00 1.529163253764072694e+00 9.844886787807466400e-02 7.795763448787211836e-01 1.816714034953531842e-01
2.502404809619239057e+00 1.575873161350496821e+00 9.994360464363410967e-02 8.122538160075226665e-01 1.874350583712141582e-01
2.702605210420842230e+00 1.572620307450691035e+00 9.794528635523964966e-02 8.200799822521541715e-01 1.870250595144525851e-01
2.902805611222445403e+00 1.531414105684823390e+00 9.332234111734172277e-02 8.084198959981858668e-01 1.817947669594472127e-01
3.103006012024048577e+00 1.464770222248657383e+00 8.696243538179071475e-02 7.831276980052471748e-01 1.731990787626473682e-01
3.303206412825651750e+00 1.383524303900847574e+00 7.962503563474607193e-02 7.494454917885198242e-01 1.625287956564806513e-01
3.503406813627254923e+00 1.295869940990570512e+00 7.188078047741944254e-02 7.114634962087709180e-01 1.507850562403471317e-01
3.703607214428858097e+00 1.207336522225958886e+00 6.411559640680122851e-02 6.720359176198853479e-01 1.386653279442363329e-01
3.903807615230461270e+00 1.121291908586709241e+00 5.656918977420289513e-02 6.329711420850028247e-01 1.266145903597193367e-01
4.104008016032063999e+00 1.039604793070853184e+00 4.938205744715912227e-02 5.953251147284970290e-01 1.148989790878674755e-01
4.304208416833667172e+00 9.632302380252111274e-01 4.263505153967224459e-02 5.596790823855583019e-01 1.036730817720243059e-01
4.504408817635270346e+00 8.926146474573433132e-01 3.637538267423808674e-02 5.263425528386582730e-01 9.302749558074960290e-02
4.704609218436873519e+00 8.279161089560029829e-01 3.063002119056891515e-02 4.954704646671713730e-01 8.301533980067447860e-02
4.904809619238477580e+00 7.690919343671939190e-01 2.541100797111570109e-02 4.671133160291356945e-01 7.366344468550677094e-02
5.105010020040080754e+00 7.159213531383490370e-01 2.071765195687177291e-02 4.412305675902096214e-01 6.497609714080922194e-02
5.305210420841683927e+00 6.680193298673048341e-01 1.653905894287450995e-02 4.176951543353267793e-01 5.693782180158968309e-02
5.505410821643287100e+00 6.248719507301772058e-01 1.285820847831461305e-02 3.963064834346463061e-01 4.951853141176405099e-02
5.705611222444890274e+00 5.858978000752034232e-01 9.656958402678675335e-03 3.768169366742438187e-01 4.268121328226041900e-02
5.905811623246493447e+00 5.505216361072786668e-01 6.920488791509229499e-03 3.589671261596883434e-01 3.639026676497423424e-02
6.106012024048096620e+00 5.182396018593919962e-01 4.639836631741564923e-03 3.425202171827684272e-01 3.061805759827158219e-02
6.306212424849699794e+00 4.886582512079767349e-01 2.811981155210517471e-03 3.272857606939801878e-01 2.534797601435507738e-02
6.506412825651302967e+00 4.614994240671767001e-01 1.437925104564582958e-03 3.131274494753336635e-01 2.057368328351410688e-02
6.706613226452906140e+00 4.365748309721115827e-01 5.199224588054102494e-04 2.999549340410666010e-01 1.629561148380108751e-02
6.906813627254509314e+00 4.137435014191705451e-01 5.915068658430759727e-05 2.877049789925338330e-01 1.251657827244380752e-02
7.107014028056112487e+00 3.928689046437214838e-01 5.470361364326752822e-05 2.763199928406102623e-01 9.238338274352374604e-03
7.307214428857715660e+00 3.737899862818724328e-01 5.040320909704950952e-04 2.657316257034711415e-01 6.460142860225897773e-03
7.507414829659318833e+00 3.563134109179106335e-01 1.404253776984772150e-03 2.558542373361941125e-01 4.179333525997389227e-03
7.707615230460922007e+00 3.402260228525901820e-01 2.753402740448364361e-03 2.465889508689926291e-01 2.393128815058915334e-03
7.907815631262525180e+00 3.253198357607036129e-01 4.550809877988549329e-03 2.378352554888511494e-01 1.100404493493313410e-03
8.108016032064128353e+00 3.114186030598901089e-01 6.796291034424308333e-03 2.295048773921498919e-01 3.024739046552394348e-04
8.308216432865732415e+00 2.983957817644410926e-01 9.488423399367585179e-03 2.215324477025645833e-01 2.477436199807460743e-06
8.508416833667334700e+00 2.861778238657709528e-01 1.262264102555639422e-02 2.138792091347064828e-01 2.036860940209248223e-04
8.708617234468938761e+00 2.747325401191313410e-01 1.618998785502381507e-02 2.065288637873786137e-01 9.075120764412398068e-04
8.908817635270541047e+00 2.640476143396111586e-01 2.017709021226618549e-02 1.994775694243153263e-01 2.112106184997989897e-03
9.109018036072145108e+00 2.541073398459805510e-01 2.456737225850920067e-02 1.927219977775526671e-01 3.812095605230853869e-03
9.309218436873747393e+00 2.448754805274895308e-01 2.934297593613923241e-02 1.862496904374701945e-01 5.999446989638777469e-03
9.509418837675351455e+00 2.362892704857589843e-01 3.448651492939315555e-02 1.800347436686268454e-01 8.664903654432775174e-03
9.709619238476955516e+00 2.282652958573803681e-01 3.998184242320107495e-02 1.740397174952722781e-01 1.179918952170801345e-02
9.909819639278557801e+00 2.207139313257223123e-01 4.581342544346616447e-02 1.682224308356695675e-01 1.539330165908373363e-02
1.011002004008016186e+01 2.135564171335115335e-01 5.196451560345454607e-02 1.625447344340319178e-01 1.943765311093633222e-02
1.031022044088176415e+01 2.067382579986834501e-01 5.841483387278078449e-02 1.569799146624968889e-01 2.392037180706356111e-02
1.051042084168336821e+01 2.002343922863538406e-01 6.513872655250721455e-02 1.515161386668590904e-01 2.882547004681918976e-02
1.071062124248497049e+01 1.940448023228683594e-01 7.210460098862384037e-02 1.461549634795708263e-01 3.413169783386811595e-02
1.091082164328657456e+01 1.881827028323156681e-01 7.927596618391206940e-02 1.409057709384153034e-01 3.981263759257992058e-02
1.111102204408817684e+01 1.826598926679729451e-01 8.661377190181294983e-02 1.357783768306735361e-01 4.583808936590825361e-02
1.131122244488978090e+01 1.774744856885516198e-01 9.407921115743804463e-02 1.307765302210195379e-01 5.217624547347292363e-02
1.151142284569138319e+01 1.726050003275745037e-01 1.016359431444427697e-01 1.258944818720506564e-01 5.879579790333476497e-02
1.171162324649298725e+01 1.680123042294698055e-01 1.092508999277624349e-01 1.211175459841630636e-01 6.566711977724563887e-02
1.191182364729458953e+01 1.636481339752137720e-01 1.168933855468591437e-01 1.164261119954777546e-01 7.276202363651633476e-02
1.211202404809619360e+01 1.594667669791069164e-01 1.245328458770178087e-01 1.118014032138200803e-01 8.005217792345734051e-02
1.231222444889779588e+01 1.554355613676201564e-01 1.321362169138436127e-01 1.072307961494949058e-01 8.750682156009567669e-02
1.251242484969939994e+01 1.515407216750409569e-01 1.396659408046261597e-01 1.027108284189600235e-01 9.509072753386102472e-02
1.271262525050100223e+01 1.477865207100988731e-01 1.470795022379973171e-01 9.824697758171026252e-02 1.027633030252738805e-01
1.291282565130260629e+01 1.441886072879026426e-01 1.543307716494275728e-01 9.385051143646934435e-02 1.104792958941773623e-01
1.311302605210421035e+01 1.407640677363057313e-01 1.613727593448295305e-01 8.953373398213967937e-02 1.181909630958823676e-01
1.331322645290581264e+01 1.375218717332664931e-01 1.681608449825596208e-01 8.530542021650742990e-02 1.258509830544512764e-01
1.351342685370741670e+01 1.344569599725580489e-01 1.746553580203664968e-01 8.116802191341496164e-02 1.334150884795228531e-01
1.371362725450901898e+01 1.315497687498667079e-01 1.808226228787593037e-01 7.711747275066015150e-02 1.408434855281350540e-01
1.391382765531062304e+01 1.287710224662390324e-01 1.866341588641452498e-01 7.314544132481483329e-02 1.481005813337119559e-01
1.411402805611222533e+01 1.260898416271996614e-01 1.920644184468277005e-01 6.924303463678184445e-02 1.551531893075873414e-01
1.431422845691382939e+01 1.234821796840531588e-01 1.970879929765683436e-01 6.540452178406398753e-02 1.619679681435945151e-01
1.451442885771543168e+01 1.209366281297759305e-01 2.016774071850288008e-01 6.162974743038750203e-02 1.685091491534104480e-01
1.471462925851703574e+01 1.184556790766835704e-01 2.058023950599213447e-01 5.792446930424880597e-02 1.747375038901698985e-01
1.491482965931863802e+01 1.160522152357458120e-01 2.094309905689309692e-01 5.429865482713482072e-02 1.806110401654994757e-01
1.511503006012024208e+01 1.137426844931754139e-01 2.125320885439107299e-01 5.076350254130299056e-02 1.860872650066087153e-01
1.531523046092184437e+01 1.115394987105751412e-01 2.150785863332586589e-01 4.732834919922467021e-02 1.911262622631741126e-01
1.551543086172344843e+01 1.094453234910686412e-01 2.170500068287588291e-01 4.399856382634157598e-02 1.956935234708933324e-01
1.571563126252505072e+01 1.074511241275436374e-01 2.184337036753798145e-01 4.077507915538182426e-02 1.997615608591942760e-01
1.591583166332665478e+01 1.055384479144980542e-01 2.192242807096038693e-01 3.765556996905119330e-02 2.033097867930332148e-01
1.611603206412825884e+01 1.036849543593448691e-01 2.194215162222141469e-01 3.463670317357575579e-02 2.063227899688804545e-01
1.631623246492986468e+01 1.018711369332188921e-01 2.190276197148262605e-01 3.171655484157209770e-02 2.087877287664914316e-01
1.651643286573146696e+01 1.000858500354460112e-01 2.180448671720311982e-01 2.889630823492900583e-02 2.106918746534396925e-01
1.671663326653306925e+01 9.832875875240210117e-02 2.164744883431711231e-01 2.618068169968551864e-02 2.120212615306527326e-01
1.691683366733467153e+01 9.660897775106118412e-02 2.143171912152753156e-01 2.357704482431218287e-02 2.127609669823395389e-01
1.711703406813627737e+01 9.494053422703511991e-02 2.115750932929637285e-01 2.109366568033571587e-02 2.128969348810203777e-01
1.731723446893787965e+01 9.333637483067211416e-02 2.082543155195770990e-01 1.873781003059474606e-02 2.124186768558915805e-01
1.751743486973948194e+01 9.180306087302428364e-02 2.043672681161867177e-01 1.651439549795367945e-02 2.113218731146600249e-01
1.771763527054108422e+01 9.033795176277914507e-02 1.999337937301931267e-01 1.442562454344013291e-02 2.096099438812651372e-01
1.791783567134269006e+01 8.892973597706238520e-02 1.949807716037571248e-01 1.247161312357900932e-02 2.072940555381147798e-01
1.811803607214429235e+01 8.756198653039792834e-02 1.895403553385652251e-01 1.065166327138781371e-02 2.043916067174629259e-01
1.831823647294589463e+01 8.621839565036530650e-02 1.836475006621846318e-01 8.965628520354049572e-03 2.009237874741990060e-01
1.851843687374749692e+01 8.488781192309570456e-02 1.773376623679437381e-01 7.414845795121980179e-03 1.969131162257651835e-01
1.871863727454910276e+01 8.356733139684693890e-02 1.706454303612716106e-01 6.002326534333825986e-03 1.923818269225953670e-01
1.891883767535070504e+01 8.226243019612783369e-02 1.636044893431243263e-01 4.732216552941833840e-03 1.873516278353170306e-01
1.911903807615230733e+01 8.098420000900671822e-02 1.562487799799686938e-01 3.608819992413391138e-03 1.818448251235899038e-01
1.931923847695391316e+01 7.974476281869180561e-02 1.486143028979816927e-01 2.635625794071739733e-03 1.758862997185884902e-01
1.951943887775551545e+01 7.855253240583918994e-02 1.407407969264923009e-01 1.814726582510205449e-03 1.695055290682786209e-01
1.971963927855711773e+01 7.740896934235742821e-02 1.326726059345028075e-01 1.146814824761314272e-03 1.627378571161121612e-01
1.991983967935872002e+01 7.630788928209888966e-02 1.244583796884658755e-01 6.316797238475489653e-04 1.556245202648331716e-01
2.012004008016032586e+01 7.523746594320708525e-02 1.161496982356882562e-01 2.689255662344597017e-04 1.482114094721807274e-01
2.032024048096192814e+01 7.418414251642206636e-02 1.077990948056535697e-01 5.856635359479487067e-05 1.405470060133526267e-01
2.052044088176353043e+01 7.313703429188894711e-02 9.945813819721030513e-02 1.236449798740511718e-06 1.326802010380901120e-01
2.072064128256513271e+01 7.209127556451576380e-02 9.117616469247304123e-02 9.794592732691431150e-05 1.246587049166400091e-01
2.092084168336673855e+01 7.104917501754222375e-02 8.299996520252404808e-02 3.495189383141652411e-04 1.165284886970884004e-01
2.112104208416834084e+01 7.001884626155034652e-02 7.497435667810059545e-02 7.559956507406346378e-04 1.083342900866433173e-01
2.132124248496994312e+01 6.901087865460024673e-02 6.714324506985959451e-02 1.316292556438151571e-03 1.001208209282751782e-01
2.152144288577154541e+01 6.803427938096948124e-02 5.955063671997328639e-02 2.028294949845617888e-03 9.193407764200645094e-02
2.172164328657315124e+01 6.709312217859107752e-02 5.224112043417170753e-02 2.889352044706077795e-03 8.382215817037626249e-02
2.192184368737475353e+01 6.618503512991345816e-02 4.525958394979930771e-02 3.896952003688236750e-03 7.583521347970008375e-02
2.212204408817635581e+01 6.530198394464617473e-02 3.865024177622797957e-02 5.049260283435306335e-03 6.802451075137819214e-02
2.232224448897795810e+01 6.443300461890082154e-02 3.245531060036917909e-02 6.345253473279333610e-03 6.044091907131567132e-02
2.252244488977956394e+01 6.356788058684066656e-02 2.671377650425123956e-02 7.784351029264767810e-03 5.313332042640296626e-02
2.272264529058116622e+01 6.270045999613511889e-02 2.146062401024324481e-02 9.365666089717736634e-03 4.614743538680397827e-02
2.292284569138276851e+01 6.183046654005747156e-02 1.672668414420057717e-02 1.108717252786105278e-02 3.952535441129096522e-02
2.312304609218437434e+01 6.096321477720204052e-02 1.253900324583705726e-02 1.294514457989541338e-02 3.330577327143521837e-02
2.332324649298597663e+01 6.010739454576432411e-02 8.921441841152405114e-03 1.493413797299470575e-02 2.752466526995189441e-02
2.352344689378757892e+01 5.927176165457811313e-02 5.895155795495251282e-03 1.704757432383100652e-02 2.221598463454845657e-02
2.372364729458918120e+01 5.846192352187903896e-02 3.478702815704678031e-03 1.927874150763427344e-02 1.741202842524183086e-02
2.392384769539078704e+01 5.767832984913977279e-02 1.687708285877221855e-03 2.162183377010158669e-02 1.314326232587513174e-02
2.412404809619238932e+01 5.691612143600414259e-02 5.342296084134084098e-04 2.407261086316609885e-02 9.437657247403214572e-03
2.432424849699399161e+01 5.616683014564954196e-02 2.609026929923479712e-05 2.662838273163832536e-02 6.319786745407647045e-03
2.452444889779559389e+01 5.542128805078953835e-02 1.664607237826427357e-04 2.928728046905202179e-02 3.810019187099349461e-03
2.472464929859719973e+01 5.467270372939436046e-02 9.538457132852564205e-04 3.204705664566441514e-02 1.924076323997302553e-03
2.492484969939880202e+01 5.391883015240141880e-02 2.382453045655367595e-03 3.490385733995814838e-02 6.730571486573160749e-04
2.512505010020040430e+01 5.316249147027605343e-02 4.442751281939985239e-03 3.785144417197642414e-02 6.382324171371640007e-05
2.532525050100200659e+01 5.241033143305191128e-02 7.121947566277170988e-03 4.088119757580831182e-02 9.949815470942387609e-05
2.552545090180361242e+01 5.167027540890261478e-02 1.040416447854757009e-02 4.398295033504932144e-02 7.798076113652232947e-04
2.572565130260521471e+01 5.094863206776254622e-02 1.427024396600757791e-02 4.714638395879003352e-02 2.101085023789416983e-03
2.592585170340681699e+01 5.024785257915203446e-02 1.869729096527537535e-02 5.036249007418275303e-02 4.055940629219450914e-03
2.612605210420842283e+01 4.956570054802087594e-02 2.365820798204328751e-02 5.362454927099353369e-02 6.632764037773862358e-03
2.632625250501002512e+01 4.889607493867854926e-02 2.912150238549337730e-02 5.692823933880410830e-02 9.815323189837141596e-03
2.652645290581162740e+01 4.823115364995116117e-02 3.505155346549952006e-02 6.027079999835169982e-02 1.358269599478288681e-02
2.672665330661322969e+01 4.756407985421860080e-02 4.140934278950240272e-02 6.364953503229008047e-02 1.790963472849541049e-02
2.692685370741483553e+01 4.689124337179897961e-02 4.815345519032870891e-02 6.706019100188595483e-02 2.276727644213131715e-02
2.712705410821643781e+01 4.621337157295386106e-02 5.524103346979741813e-02 7.049581545725559784e-02 2.812395761740212746e-02
2.732725450901804010e+01 4.553508046966651263e-02 6.262837460747638918e-02 7.394653916154982076e-02 3.394583829480874587e-02
2.752745490981964238e+01 4.486308758308868438e-02 7.027099279113926955e-02 7.740039938614216852e-02 4.019711675294981162e-02
2.772765531062124822e+01 4.420375166054366783e-02 7.812319264573329425e-02 8.084494026691109447e-02 4.683979178271540506e-02
2.792785571142285050e+01 4.356081637065535583e-02 8.613740706504734168e-02 8.426903052001850913e-02 5.383313321129731127e-02
2.812805611222445279e+01 4.293413273930864887e-02 9.426367081742090259e-02 8.766424168413242124e-02 6.113316664105339360e-02
2.832825651302605507e+01 4.231977075050639969e-02 1.024495721196434506e-01 9.102527470996712999e-02 6.869250145207825287e-02
2.852845691382766091e+01 4.171144059161546042e-02 1.106408552172005594e-01 9.434926176759986238e-02 7.646071664742495888e-02
2.872865731462926320e+01 4.110269632952561619e-02 1.187825995771826515e-01 9.763418053451786149e-02 8.438530794726052664e-02
2.892885771543086548e+01 4.048913730087005947e-02 1.268206711433093326e-01 1.008769479248658452e-01 9.241297410683863012e-02
2.912905811623247132e+01 3.986984045895835410e-02 1.347030206243837736e-01 1.040718866355067329e-01 1.004908727809057933e-01
2.932925851703407361e+01 3.924754325542422623e-02 1.423804450691494583e-01 1.072101332447345928e-01 1.085674704997502404e-01
2.952945891783567589e+01 3.862754786108931609e-02 1.498066213389342982e-01 1.102802238799492768e-01 1.165927559883536690e-01
2.972965931863727818e+01 3.801576785185174084e-02 1.569374924878350896e-01 1.132696702496940599e-01 1.245178286504336068e-01
2.992985971943888401e+01 3.741662481200227347e-02 1.637303362067254187e-01 1.161669766057342457e-01 1.322941209027546638e-01
3.013006012024048630e+01 3.683152932711614841e-02 1.701429716607433529e-01 1.189633797550325722e-01 1.398726664430976763e-01
3.033026052104208858e+01 3.625845271881297793e-02 1.761335159549423657e-01 1.216536850359240807e-01 1.472038234656919686e-01
3.053046092184369087e+01 3.569270408313556658e-02 1.816608982758474156e-01 1.242358923163842804e-01 1.542376991421542110e-01
3.073066132264529671e+01 3.512861012455411464e-02 1.866860531694651548e-01 1.267097421246613786e-01 1.609252581106625779e-01
3.093086172344689899e+01 3.456149214338168074e-02 1.911734519228997509e-01 1.290747034518451575e-01 1.672198324174954953e-01
3.113106212424850128e+01 3.398924524084765558e-02 1.950924925983001101e-01 1.313281284550178452e-01 1.730785856161581870e-01
3.133126252505010356e+01 3.341297895070054896e-02 1.984183091480896388e-01 1.334642417246086898e-01 1.784634854278165650e-01
3.153146292585170940e+01 3.283652090148803104e-02 2.011317650927521850e-01 1.354743343021285462e-01 1.833415103579119354e-01
3.173166332665331169e+01 3.226499049932005092e-02 2.032186911077870084e-01 1.373481018290971523e-01 1.876840932602016065e-01
3.193186372745491397e+01 3.170296939552745552e-02 2.046686979358299519e-01 1.390756556350689899e-01 1.914660843180794880e-01
3.213206412825651626e+01 3.115291762788626254e-02 2.054740440241788479e-01 1.406494924027705262e-01 1.946646909899741873e-01
3.233226452905812209e+01 3.061437544557669282e-02 2.056290062822157261e-01 1.420657210759968259e-01 1.972588563597239553e-01
3.253246492985972793e+01 3.008420122221353715e-02 2.051300050970556732e-01 1.433241118941226411e-01 1.992293681221065371e-01
3.273266533066132666e+01 2.955773229349094658e-02 2.039764459202149938e-01 1.444269559669976721e-01 2.005597113791408592e-01
3.293286573146293250e+01 2.903044163900599453e-02 2.021719673498013348e-01 1.453771503800857789e-01 2.012373938985352606e-01
3.313306613226453123e+01 2.849950245217975145e-02 1.997256305802091181e-01 1.461761986458118556e-01 2.012552888661705008e-01
3.333326653306613707e+01 2.796471799411598402e-02 1.966526037087922840e-01 1.468228417237366912e-01 2.006125259866635424e-01
3.353346693386774291e+01 2.742850923266246244e-02 1.929740776325949148e-01 1.473128046336736330e-01 1.993146218270230308e-01
3.373366733466934164e+01 2.689499231099825097e-02 1.887164275178385697e-01 1.476397427701141574e-01 1.973728136294267688e-01
3.393386773547094748e+01 2.636849687049231186e-02 1.839099002178307685e-01 1.477970442757316760e-01 1.948028441395893151e-01
3.413406813627255332e+01 2.585205963804141499e-02 1.785872648072622804e-01 1.477798423025835084e-01 1.916236324144751368e-01
3.433426853707415205e+01 2.534641617644279102e-02 1.727828553136507017e-01 1.475865209874419604e-01 1.878562889935159741e-01
3.453446893787575789e+01 2.484982209979870113e-02 1.665322696067273178e-01 1.472191857623864619e-01 1.835237879461449340e-01
3.473466933867735662e+01 2.435873861217910386e-02 1.598727322256423000e-01 1.466829436376776430e-01 1.786513510447639286e-01
3.493486973947896246e+01 2.386911967706606408e-02 1.528438792164932836e-01 1.459842652818265363e-01 1.732673284610320996e-01
3.513507014028056830e+01 2.337783810940229079e-02 1.454885717387124078e-01 1.451290235535460382e-01 1.674041763682870276e-01
3.533527054108216703e+01 2.288375097664436045e-02 1.378533447764122566e-01 1.441209082540234887e-01 1.610991004724292575e-01
3.553547094188377287e+01 2.238804271807985982e-02 1.299882424949788395e-01 1.429607710556246858e-01 1.543940632856048156e-01
3.573567134268537870e+01 2.189374768532724100e-02 1.219460231272721240e-01 1.416471149702789589e-01 1.473350894157359758e-01
3.593587174348697744e+01 2.140464560418949697e-02 1.137809440077015288e-01 1.401775334311379240e-01 1.399710558320228504e-01
3.613607214428858327e+01 2.092393675216460899e-02 1.055474765688856897e-01 1.385505709305626665e-01 1.323523282649956001e-01
3.633627254509018911e+01 2.045316470030864725e-02 9.729930397069369574e-02 1.367673369398537953e-01 1.245296388187342174e-01
3.653647294589178784e+01 1.999174998370817011e-02 8.908882657020587847e-02 1.348323047124722063e-01 1.165534869852309363e-01
3.673667334669339368e+01 1.953727390403792522e-02 8.096719758020784474e-02 1.327530274028040358e-01 1.084741354104879069e-01
3.693687374749499241e+01 1.908638967355832591e-02 7.298471334405907951e-02 1.305388943198846075e-01 1.003420461831713850e-01
3.713707414829659825e+01 1.863602655976869665e-02 6.519126368139843697e-02 1.281993877595557496e-01 9.220844781343424945e-02
3.733727454909820409e+01 1.818446061812743764e-02 5.763654785729128982e-02 1.257424657007663593e-01 8.412569193064578510e-02
3.753747494989980282e+01 1.773188301828149474e-02 5.036987372701135640e-02 1.231736336719518599e-01 7.614715727909524001e-02
3.773767535070140866e+01 1.728028312009971534e-02 4.343953200863138325e-02 1.204960093530153126e-01 6.832664286407706677e-02
3.793787575150301450e+01 1.683271033616590834e-02 3.689190351295957432e-02 1.177113240631966484e-01 6.071738760232898297e-02
3.813807615230461323e+01 1.639219512712393467e-02 3.077055073281625627e-02 1.148214759350443120e-01 5.337098542082858998e-02
3.833827655310621907e+01 1.596071754534831785e-02 2.511553465840860380e-02 1.118300656411310157e-01 4.633648589522731259e-02
3.853847695390782491e+01 1.553857850957001373e-02 1.996309431271781412e-02 1.087433684376294118e-01 3.965988016844128328e-02
3.873867735470942364e+01 1.512437488683762363e-02 1.534567778084874011e-02 1.055704127664893049e-01 3.338401243831541632e-02
3.893887775551102948e+01 1.471556436632262543e-02 1.129218196089381253e-02 1.023221632011361432e-01 2.754879537929081496e-02
3.913907815631262821e+01 1.430940462331699303e-02 7.828195452150094741e-03 9.901012316525671653e-02 2.219150670642020332e-02
3.933927855711423405e+01 1.390392933891751448e-02 4.976065557691979405e-03 9.564486663145506384e-02 1.734693904916152427e-02
3.953947895791583989e+01 1.349862058686496051e-02 2.754709549983404455e-03 9.223501303777746629e-02 1.304726169423619901e-02
3.973967935871743862e+01 1.309455310566719384e-02 1.179216617193308905e-03 8.878698196695936073e-02 9.321589899942944735e-03
3.993987975951904446e+01 1.269397898020109203e-02 2.603857113332469389e-04 8.530557474492854453e-02 6.195386575464987937e-03
4.014008016032065029e+01 1.229951975445083522e-02 4.375014419526730338e-06 8.179513617674137593e-02 3.689889664850708358e-03
4.034028056112224903e+01 1.191326397726757448e-02 4.125905192256458824e-04 7.826085510225487540e-02 1.821741626972837782e-03
4.054048096192385486e+01 1.153608737495409597e-02 1.481838056284402348e-03 7.470973225935753637e-02 6.029069124798972553e-04
4.074068136272545360e+01 1.116742057383797795e-02 3.204652021299012141e-03 7.115088269833708123e-02 4.084176713414763914e-05
4.094088176352705943e+01 1.080552514600279998e-02 5.569644537204236287e-03 6.759509170622533814e-02 1.387818356064534817e-04
4.114108216432866527e+01 1.044816227793568010e-02 8.561721226979535429e-03 6.405381269308957348e-02 8.959787240196236255e-04
4.134128256513026400e+01 1.009340817028574026e-02 1.216208271983638262e-02 6.053798446040534187e-02 2.307759466291099855e-03
4.154148296593186984e+01 9.740327929597301926e-03 1.634804224458502597e-02 5.705708919200357110e-02 4.365381750274137732e-03
4.174168336673347568e+01 9.389278334716220920e-03 2.109279020483948233e-02 5.361876327060834807e-02 7.055768079246355594e-03
4.194188376753507441e+01 9.041748172229422190e-03 2.636528152901862487e-02 5.022905862296193208e-02 1.036127462584944536e-02
4.214208416833668025e+01 8.699811771078978448e-03 3.213038900516834023e-02 4.689321554602576131e-02 1.425965265381526868e-02
4.234228456913828609e+01 8.365404600161155044e-03 3.834936679566423867e-02 4.361663452187133916e-02 1.872428978751123491e-02
4.254248496993988482e+01 8.039681736512952967e-03 4.498054310650290849e-02 4.040568267926864660e-02 2.372470474509611252e-02
4.274268537074149066e+01 7.722677057031263233e-03 5.198006277814923304e-02 3.726805238164139500e-02 2.922716175780350201e-02
4.294288577154308939e+01 7.413365492950053925e-03 5.930247321592819337e-02 3.421256842006129700e-02 3.519521775514068002e-02
4.314308617234469523e+01 7.110087444150839549e-03 6.690100592463803231e-02 3.124854608853481347e-02 4.159004216181086400e-02
4.334328657314630107e+01 6.811172540126024522e-03 7.472753030532647278e-02 2.838495783355026239e-02 4.837044753487373255e-02
4.354348697394789980e+01 6.515538151620856033e-03 8.273229732088806243e-02 2.562971676368131294e-02 5.549269988139663573e-02
4.374368737474950564e+01 6.223055388051980212e-03 9.086369042493309955e-02 2.298931930101780902e-02 6.291028590949664101e-02
4.394388777555111147e+01 5.934564899700213447e-03 9.906821678327816516e-02 2.046893948067198335e-02 7.057385363424791003e-02
4.414408817635271021e+01 5.651553782723725376e-03 1.072908928731227951e-01 1.807289544682087745e-02 7.843149267017739124e-02
4.434428857715431604e+01 5.375624733453287542e-03 1.154760323816322320e-01 1.580527948414721731e-02 8.642939729436932561e-02
4.454448897795591478e+01 5.107954846878177448e-03 1.235682864819446641e-01 1.367050072319953881e-02 9.451280595601961598e-02
4.474468937875752061e+01 4.848932889881941814e-03 1.315136796142400422e-01 1.167354376250611704e-02 1.026269952996369528e-01
4.494488977955912645e+01 4.598089686221956511e-03 1.392603726301881728e-01 9.819870093972459663e-03 1.107180738614703397e-01
4.514509018036072518e+01 4.354328190283269367e-03 1.467589778971878089e-01 8.115031065099309604e-03 1.187333876946888300e-01
4.534529058116233102e+01 4.116356946583334987e-03 1.539624149731599057e-01 6.564165447352606625e-03 1.266214946773867589e-01
4.554549098196393686e+01 3.883166030254922227e-03 1.608254688603019122e-01 5.171583293864762815e-03 1.343318315371143379e-01
4.574569138276553559e+01 3.654377572002578869e-03 1.673043284459999058e-01 3.940584731066141232e-03 1.418143221997292258e-01
4.594589178356714143e+01 3.430354675870264311e-03 1.733563943533735219e-01 2.873554943565499557e-03 1.490192074530810318e-01
4.614609218436874727e+01 3.212044018364891909e-03 1.789405461191260760e-01 1.972262167579455321e-03 1.558972988268148285e-01
4.634629258517034600e+01 3.000624224433223654e-03 1.840178839367129782e-01 1.238210484043825643e-03 1.624007006278724019e-01
4.654649298597195184e+01 2.797097270968998666e-03 1.885527752056404271e-01 6.728907014728735926e-04 1.684838623144140346e-01
4.674669338677355057e+01 2.601970625325581137e-03 1.925139110326533898e-01 2.778293500614207137e-04 1.741046883180760452e-01
4.694689378757515641e+01 2.415134245803198746e-03 1.958750612581890982e-01 5.443065361589667547e-05 1.792253972713032106e-01
4.714709418837676225e+01 2.235960319365922540e-03 1.986153165034208190e-01 3.698158594344258705e-06 1.838129032585564815e-01
4.734729458917836098e+01 2.063574629961528566e-03 2.007187857435949740e-01 1.259728073485651102e-04 1.878386596832458399e-01
4.754749498997996682e+01 1.897193077307127423e-03 2.021739107121150458e-01 4.208120850295531232e-04 1.912780989832075784e-01
4.774769539078157266e+01 1.736401157061883945e-03 2.029726915002644239e-01 8.870668138053303554e-04 1.941099458282088686e-01
4.794789579158317139e+01 1.581281546145402693e-03 2.031101410380114769e-01 1.523119085326923991e-03 1.963157224911990517e-01
4.814809619238477723e+01 1.432355020556535380e-03 2.025841911748418878e-01 2.327168563084814571e-03 1.978796866642785757e-01
4.834829659318638306e+01 1.290370266047592912e-03 2.013960956879836672e-01 3.297429069149229036e-03 1.987892730486771897e-01
4.854849699398798180e+01 1.156031237487212694e-03 1.995511822107572109e-01 4.432134425620556060e-03 1.990359136681899010e-01
4.874869739478958763e+01 1.029766248351724487e-03 1.970596678363983612e-01 5.729336279414104505e-03 1.986159615236824105e-01
4.894889779559118637e+01 9.116176857896091112e-04 1.939372226617872008e-01 7.186571560441791170e-03 1.975313942072454976e-01
4.914909819639279220e+01 8.012794275922649912e-04 1.902050521748197276e-01 8.800542710806326732e-03 1.957900462624365956e-01
4.934929859719439804e+01 6.982534398259723253e-04 1.858894395751045092e-01 1.056696047633764665e-02 1.934052839766499110e-01
4.954949899799599677e+01 6.020577044021195590e-04 1.810208783162755297e-01 1.248064073950366261e-02 1.903952316686620683e-01
4.974969939879760261e+01 5.124056519721591598e-04 1.756330626939506534e-01 1.453584440813192324e-02 1.867818111770953582e-01
4.994989979959920845e+01 4.292941312106351710e-04 1.697620402472538315e-01 1.672674365942752872e-02 1.825899099456733676e-01
5.015010020040080718e+01 3.529756310649925267e-04 1.634457533347790925e-01 1.904783388166546992e-02 1.778469296510116759e-01
5.035030060120241302e+01 2.838366233155381114e-04 1.567240399239953341e-01 2.149411839699542914e-02 1.725828126684414154e-01
5.055050100200401175e+01 2.222391804041216521e-04 1.496389860400970384e-01 2.406097360169716717e-02 1.668304571737375397e-01
5.075070140280561759e+01 1.683926591845292641e-04 1.422353908290248936e-01 2.674372621064926778e-02 1.606262831825386039e-01
5.095090180360722343e+01 1.223031076380248609e-04 1.345610670317463342e-01 2.953709352029368351e-02 1.540106554392959570e-01
5.115110220440882216e+01 8.381086247853837545e-05 1.266667658605170610e-01 3.243470385523768845e-02 1.470279233091693061e-01
5.135130260521042800e+01 5.268968692943554438e-05 1.186056574679031639e-01 3.542889852556709712e-02 1.397259794394507815e-01
5.155150300601203384e+01 2.875909923470034891e-05 1.104324604633394324e-01 3.851092029900834296e-02 1.321554125421906811e-01
5.175170340681363257e+01 1.196141148941435159e-05 1.022024347674113931e-01 4.167144956207301937e-02 1.243684694154699455e-01
5.195190380761523841e+01 2.373609467103195463e-06 9.397048810343267000e-02 4.490131148565112279e-02 1.164180963999421614e-01
5.215210420841684424e+01 1.533368341585686691e-07 8.579058821321063066e-02 4.819210011275985861e-02 1.083572838022085066e-01
5.235230460921844298e+01 5.447072307259678631e-06 7.771554717690710989e-02 5.153648226994225756e-02 1.002388103638665318e-01
5.255250501002004881e+01 1.830564360427716433e-05 6.979710195440987086e-02 5.492805397957101210e-02 9.211532961451397716e-02
5.275270541082164755e+01 3.864912996015719415e-05 6.208611100433127777e-02 5.836078633665089249e-02 8.403961539760490540e-02
5.295290581162325338e+01 6.629988855473513062e-05 5.463265783907424872e-02 6.182825554772656412e-02 7.606473515266247432e-02
5.315310621242485922e+01 1.010693287471439185e-04 4.748590528242613990e-02 6.532294252344884866e-02 6.824396110066317800e-02
5.335330661322645796e+01 1.428574697930793888e-04 4.069365392468144577e-02 6.883587431429910586e-02 6.063034083630996357e-02
5.355350701402806379e+01 1.917172061500921083e-04 3.430167909089684025e-02 7.235676388578890506e-02 5.327598383667133536e-02
5.375370741482966963e+01 2.478501621310704307e-04 2.835300489038857299e-02 7.587462561996856369e-02 4.623122604975997418e-02
5.395390781563126836e+01 3.115303498519347153e-04 2.288729086956536526e-02 7.937866591541246908e-02 3.954387207971293144e-02
5.415410821643287420e+01 3.829830360993977112e-04 1.794045409313524755e-02 8.285913803172113845e-02 3.325867328572287146e-02
5.435430861723447293e+01 4.622674956321039187e-04 1.354455270446815532e-02 8.630785195618805028e-02 2.741710144229341298e-02
5.455450901803607877e+01 5.492154745802134853e-04 9.727857908377331164e-03 8.971814709792479137e-02 2.205736388495019296e-02
5.475470941883768461e+01 6.434592045752692479e-04 6.514980071009844782e-03 9.308432791896055492e-02 1.721452305656323914e-02
5.495490981963928334e+01 7.445480915851569259e-04 3.926913735651457911e-03 9.640076041596477852e-02 1.292056189172808428e-02
5.515511022044088918e+01 8.521144877611117269e-04 1.980922429395926346e-03 9.966095726723260551e-02 9.204281015576730798e-03
5.535531062124249502e+01 9.660234560986387733e-04 6.902705237570093237e-04 1.028569920334342913e-01 6.091002022351952629e-03
5.555551102204409375e+01 1.086442313405346343e-03 6.388802022893659040e-05 1.059794710417693436e-01 3.602144291349881552e-03
5.575571142284569959e+01 1.213794313620416556e-03 1.060915613842247759e-04 1.090180937388235682e-01 1.754801896846104603e-03
5.595591182364730543e+01 1.348605580639322329e-03 8.164663848728033989e-04 1.119626186400521778e-01 5.614490653587787166e-04
5.615611222444890416e+01 1.491297181053318540e-03 2.189949002479394790e-03 1.148039001832759504e-01 2.984923126088766588e-05
5.635631262525051000e+01 1.641998727941218787e-03 4.217068731202403345e-03 1.175346288469199668e-01 1.631594044175549603e-04
5.655651302605210873e+01 1.800457047241762467e-03 6.884244362159539637e-03 1.201495075808733520e-01 9.601456417139326736e-04
5.675671342685371457e+01 1.966082996791468016e-03 1.017401773534196835e-02 1.226447975659441247e-01 2.415389931836510722e-03
5.695691382765532040e+01 2.138130164807559332e-03 1.406514543151820423e-02 1.250173937533016755e-01 4.519388427206629498e-03
5.715711422845691914e+01 2.315947448366131173e-03 1.853254621204372676e-02 1.272637626217701934e-01 7.258506148896501538e-03
5.735731462925852497e+01 2.499213759176843047e-03 2.354718192982116834e-02 1.293791279361833080e-01 1.061483479215463190e-02
5.755751503006013081e+01 2.688063203713112435e-03 2.907599789653885283e-02 1.313572047552526989e-01 1.456606174646979564e-02
5.775771543086172954e+01 2.883045823836042233e-03 3.508204249406549069e-02 1.331905873998246170e-01 1.908547200686159726e-02
5.795791583166333538e+01 3.084929231492097770e-03 4.152482532895572509e-02 1.348716627372746335e-01 2.414216282308237135e-02
5.815811623246494122e+01 3.294406895083949391e-03 4.836088205323040706e-02 1.363937299730069996e-01 2.970147028593823207e-02
5.835831663326653995e+01 3.511816455698793440e-03 5.554442995861369470e-02 1.377519311890178233e-01 3.572552168269805400e-02
5.855851703406814579e+01 3.736972480590020334e-03 6.302795810818390132e-02 1.389436620673881184e-01 4.217377476091167809e-02
5.875871743486974452e+01 3.969181497217626024e-03 7.076261867724047139e-02 1.399683171230858836e-01 4.900340964054075016e-02
5.895891783567135036e+01 4.207444168057425035e-03 7.869836603694721489e-02 1.408264619244509741e-01 5.616950184904156290e-02
5.915911823647295620e+01 4.450780647108083798e-03 8.678389649018067309e-02 1.415187299869881676e-01 6.362500181762967277e-02
5.935931863727455493e+01 4.698565366401752721e-03 9.496653174438117462e-02 1.420448401315979048e-01 7.132063775065712596e-02
5.955951903807616077e+01 4.950747435960906398e-03 1.031922253646111731e-01 1.424030861204400311e-01 7.920490625601470103e-02
5.975971943887776661e+01 5.207869471696911952e-03 1.114058362021249221e-01 1.425904807032596366e-01 8.722429636628517557e-02
5.995991983967936534e+01 5.470869203948802890e-03 1.195517168635935740e-01 1.426035020074676585e-01 9.532381176432400127e-02
6.016012024048097118e+01 5.740728063268565363e-03 1.275745442170774235e-01 1.424391753116022452e-01 1.034477429360623202e-01
6.036032064128256991e+01 6.018089036003813549e-03 1.354202198218353859e-01 1.420961043903567755e-01 1.115405399378846391e-01
6.056052104208417575e+01 6.302981100933829905e-03 1.430366313110358334e-01 1.415750861966530438e-01 1.195475889684525644e-01
6.076072144288578158e+01 6.594753904304064863e-03 1.503741082771647974e-01 1.408790932706377175e-01 1.274157236380045743e-01
6.096092184368738032e+01 6.892254747461559229e-03 1.573855144185070110e-01 1.400126351407553482e-01 1.350933970078000146e-01
6.116112224448898615e+01 7.194193872336483199e-03 1.640260515774627503e-01 1.389807308385533069e-01 1.425305680993116109e-01
6.136132264529059199e+01 7.499573164373691571e-03 1.702529596233471332e-01 1.377878600959944466e-01 1.496784675324205616e-01
6.156152304609219073e+01 7.808024656579102933e-03 1.760253363652857228e-01 1.364372633623992248e-01 1.564894572067540846e-01
6.176172344689379656e+01 8.119932099187798444e-03 1.813042566813216905e-01 1.349308315306180228e-01 1.629171669911963494e-01
6.196192384769540240e+01 8.436284052123653107e-03 1.860532551039834892e-01 1.332696132793760591e-01 1.689169871477175511e-01
6.216212424849700113e+01 8.758303580059904891e-03 1.902390935747108047e-01 1.314547481792891215e-01 1.744468568406748188e-01
6.236232464929860697e+01 9.086981838709104822e-03 1.938326196551252711e-01 1.294884853517411505e-01 1.794681688545372855e-01
6.256252505010020570e+01 9.422680423051867094e-03 1.968094748449700504e-01 1.273749223556008003e-01 1.839465551224564177e-01
6.276272545090181154e+01 9.764946784002644098e-03 1.991504562309421578e-01 1.251202044135671654e-01 1.878523495740519189e-01
6.296292585170341738e+01 1.011261502603678399e-02 2.008414521699986577e-01 1.227321204178385416e-01 1.911606337148903101e-01
6.316312625250501611e+01 1.046416482200753471e-02 2.018730204982423226e-01 1.202192473964561192e-01 1.938509161026711891e-01
6.336332665330662195e+01 1.081821775867676874e-02 2.022398004447669984e-01 1.175899516493509045e-01 1.959066247165877628e-01
6.356352705410822779e+01 1.117399671159251262e-02 2.019400009428178877e-01 1.148515978389318265e-01 1.973146526933685641e-01
6.376372745490982652e+01 1.153158149064397418e-02 2.009751691515288263e-01 1.120102344548543488e-01 1.980651695035667015e-01
6.396392785571143236e+01 1.189186305212855919e-02 1.993503285330422981e-01 1.090708481745594483e-01 1.981518017320206271e-01
6.416412825651302398e+01 1.225620539931734920e-02 1.970744288146750456e-01 1.060380757013591468e-01 1.975721405203710868e-01
6.436432865731462982e+01 1.262592994654914737e-02 1.941609255594822780e-01 1.029171027437862235e-01 1.963284014686557111e-01
6.456452905811623566e+01 1.300180286854898427e-02 1.906282510893807514e-01 9.971442113518498573e-02 1.944279964407896188e-01
6.476472945891784150e+01 1.338370813020517414e-02 1.864999713673583803e-01 9.643817500608156679e-02 1.918837998990255700e-01
6.496492985971944734e+01 1.377062658958908697e-02 1.818045319274964600e-01 9.309798093470686431e-02 1.887139960150933382e-01
6.516513026052103896e+01 1.416093576517595855e-02 1.765746386356007169e-01 8.970429730506274124e-02 1.849415375864880140e-01
6.536533066132264480e+01 1.455293126867677860e-02 1.708464423386637232e-01 8.626757523749760403e-02 1.805933793136900445e-01
6.556553106212425064e+01 1.494538909181114192e-02 1.646587549496245362e-01 8.279749210133922899e-02 1.756997175246141629e-01
6.576573146292585648e+01 1.533796843530546225e-02 1.580524981037355614e-01 7.930252744648982888e-02 1.702934512740503781e-01
6.596593186372746231e+01 1.573130722233927539e-02 1.510704863441266477e-01 7.579000927633150475e-02 1.644099841298501674e-01
6.616613226452905394e+01 1.612676996199218643e-02 1.437575137900435895e-01 7.226658666022818533e-02 1.580873492239184552e-01
6.636633266533065978e+01 1.652593180191427868e-02 1.361605968114672494e-01 6.873893554378961157e-02 1.513665140711510648e-01
6.656653306613226562e+01 1.692997817757756207e-02 1.283291680623768471e-01 6.521443038527194314e-02 1.442916527633940349e-01
6.676673346693387145e+01 1.733923191999633268e-02 1.203150385412084244e-01 6.170153842134314115e-02 1.369101854288078401e-01
6.696693386773547729e+01 1.775297756833559351e-02 1.121720333818505139e-01 5.820980339631651179e-02 1.292724713214485066e-01
6.716713426853706892e+01 1.816965039552723149e-02 1.039553279834884020e-01 5.474943838712366395e-02 1.214311679558673640e-01
6.736733466933867476e+01 1.858732998168218312e-02 9.572061728420437621e-02 5.133068584008629309e-02 1.134403858845336593e-01
6.756753507014028060e+01 1.900436889358077946e-02 8.752330327411880773e-02 4.796317756472833621e-02 1.053548335714810102e-01
6.776773547094188643e+01 1.941993524006487698e-02 7.941786714206212905e-02 4.465551435475600267e-02 9.722913727469557899e-02
6.796793587174349227e+01 1.983427410186483844e-02 7.145751342428774411e-02 4.141519361149619688e-02 8.911744386839039189e-02
6.816813627254509811e+01 2.024858997522571702e-02 6.369406726204637770e-02 3.824888126775786296e-02 8.107330225632136678e-02
6.836833667334668974e+01 2.066458653147074109e-02 5.617801414242144104e-02 3.516290145546271950e-02 7.314971544471628173e-02
6.856853707414829557e+01 2.108382271418908147e-02 4.895852832801324966e-02 3.216374748985631471e-02 6.539919905627233909e-02
6.876873747494990141e+01 2.150711111588911664e-02 4.208335521926001577e-02 2.925842308223045724e-02 5.787369184815861767e-02
6.896893787575150725e+01 2.193417195890968313e-02 3.559848311226694595e-02 2.645449707130078168e-02 5.062423231101598892e-02
6.916913827655311309e+01 2.236366834252358562e-02 2.954763091109440312e-02 2.375986727219242881e-02 4.370041315618358735e-02
6.936933867735470471e+01 2.279361577238485023e-02 2.397165343245388769e-02 2.118233564041449926e-02 3.714971309449444786e-02
6.956953907815631055e+01 2.322202672470748477e-02 1.890799636840564610e-02 1.872915852867405168e-02 3.101684936664057465e-02
6.976973947895791639e+01 2.364756533474312444e-02 1.439030942735640591e-02 1.640673223445353671e-02 2.534328044019765191e-02
6.996993987975952223e+01 2.406997986363285102e-02 1.044826150967798940e-02 1.422051111430236263e-02 2.016692532495167195e-02
7.017014028056112807e+01 2.449015622001689263e-02 7.107524756818564896e-03 1.217516123400881785e-02 1.552208216793455296e-02
7.037034068136273390e+01 2.490976894912868417e-02 4.389837137345652812e-03 1.027486466774843975e-02 1.143945895190279227e-02
7.057054108216432553e+01 2.533064921063160613e-02 2.313038227454571136e-03 8.523640783599326781e-03 7.946200402711699542e-03
7.077074148296593137e+01 2.575409071043709489e-02 8.910038065347528503e-04 6.925556734094271728e-03 5.065816641446299617e-03
7.097094188376753721e+01 2.618033814146113192e-02 1.334663365633092581e-04 5.484753784751871322e-03 2.817978828160487732e-03
7.117114228456914304e+01 2.660844034732766372e-02 4.577267201594026536e-05 4.205294774360947806e-03 1.218218005326982423e-03
7.137134268537074888e+01 2.703652387687143985e-02 6.286695048419777866e-04 3.090908525940540535e-03 2.776150205669542718e-04
7.157154308617234051e+01 2.746239526907282708e-02 1.878204603899521607e-03 2.144741854599742890e-03 2.580512509319774908e-06
7.177174348697394635e+01 2.788426319521392777e-02 3.785789674896077300e-03 1.369217087330863074e-03 3.947911510392440679e-04
7.197194388777555218e+01 2.830132627000548143e-02 6.338407798120462844e-03 7.660408972657131764e-04 1.451287266911576498e-03
7.217214428857715802e+01 2.871401673276072555e-02 9.518893002766440348e-03 3.363427929944271216e-04 3.164675223469456521e-03
7.237234468937876386e+01 2.912381023704805824e-02 1.330618643388341467e-02 8.086789243012321897e-05 5.523342755012096775e-03
7.257254509018036970e+01 2.953266542450654064e-02 1.767549351597463847e-02 1.304320602232076793e-07 8.511602423027035333e-03
7.277274549098196132e+01 2.994228867023952453e-02 2.259832149262633316e-02 9.445771348494581441e-05 1.210972422638846233e-02
7.297294589178356716e+01 3.035348222097587756e-02 2.804244324112371498e-02 3.639073179305856234e-04 1.629388309076240313e-02
7.317314629258517300e+01 3.076580593334957842e-02 3.397188224647529342e-02 8.080998229540765779e-04 2.103610187956659813e-02
7.337334669338677884e+01 3.117767406441560030e-02 4.034702268320455171e-02 1.426049121012151017e-03 2.630429087353251122e-02
7.357354709418838468e+01 3.158685671597255551e-02 4.712491168238332195e-02 2.216075306995613902e-03 3.206245993841046193e-02
7.377374749498997630e+01 3.199121287842344313e-02 5.425975150563815824e-02 3.175849246686705905e-03 3.827111865917463135e-02
7.397394789579158214e+01 3.238939845664829537e-02 6.170350546892552218e-02 4.302558491695018632e-03 4.488780744758432556e-02
7.417414829659318798e+01 3.278129878384790363e-02 6.940649429643865054e-02 5.593127072434168727e-03 5.186764988051503072e-02
7.437434869739479382e+01 3.316803046743835304e-02 7.731786059621703622e-02 7.044392470680586535e-03 5.916380712778743917e-02
7.457454909819639965e+01 3.355150904353398911e-02 8.538583057228993356e-02 8.653155768865104444e-03 6.672775564867899911e-02
7.477474949899800549e+01 3.393373272812329200e-02 9.355778525391832134e-02 1.041607175768928181e-02 7.450938494771526532e-02
7.497494989979959712e+01 3.431603342363136189e-02 1.017802358256092582e-01 1.232941439002525549e-02 8.245699319803140304e-02
7.517515030060120296e+01 3.469855844957130120e-02 1.099988454387066383e-01 1.438881097105176865e-02 9.051731153175605893e-02
7.537535070140280880e+01 3.508016636441167041e-02 1.181586321246024668e-01 1.658906077004825355e-02 9.863568942210804158e-02
7.557555110220441463e+01 3.545877587137057085e-02 1.262044245499476247e-01 1.892412877441319863e-02 1.067565204685772262e-01
7.577575150300602047e+01 3.583204800991141026e-02 1.340815468604269478e-01 2.138734031214560918e-02 1.148238987455771631e-01
7.597595190380761210e+01 3.619816365491398957e-02 1.417366171631953276e-01 2.397172141043435109e-02 1.227824047818934922e-01
7.617615230460921794e+01 3.655642275380828476e-02 1.491182926652145357e-01 2.667036536427930260e-02 1.305778635926723996e-01
7.637635270541082377e+01 3.690745267584567141e-02 1.561778049968909343e-01 2.947668573271086667e-02 1.381579191337196921e-01
7.657655310621242961e+01 3.725295014222192863e-02 1.628692000215485325e-01 3.238445106711484306e-02 1.454723318281419542e-01
7.677675350701403545e+01 3.759504595917114583e-02 1.691493019675555654e-01 3.538757629187375131e-02 1.524730062732671254e-01
7.697695390781564129e+01 3.793551522443544544e-02 1.749775222189028367e-01 3.847974042424508190e-02 1.591138569059977192e-01
7.717715430861723291e+01 3.827511041184608609e-02 1.803156897157306704e-01 4.165397347914003012e-02 1.653506811085334316e-01
7.737735470941883875e+01 3.861325195475978633e-02 1.851280698930579116e-01 4.490237710370032637e-02 1.711412069349793064e-01
7.757755511022044459e+01 3.894818614472862761e-02 1.893816648191411767e-01 4.821610255625317920e-02 1.764454154816203213e-01
7.777775551102205043e+01 3.927755678055799143e-02 1.930467756983820782e-01 5.158561853555364285e-02 1.812261300510225881e-01
7.797795591182365627e+01 3.959919152058574005e-02 1.960977018519033943e-01 5.500119245516113531e-02 1.854497559956044261e-01
7.817815631262524789e+01 3.991182717337470043e-02 1.985133883364794960e-01 5.845342301468376550e-02 1.890869877976724123e-01
7.837835671342685373e+01 4.021551808551020180e-02 2.002778416157663666e-01 6.193363359910860483e-02 1.921133000226467047e-01
7.857855711422845957e+01 4.051158252911558899e-02 2.013802072741054383e-01 6.543397895526728569e-02 1.945091074307056522e-01
7.877875751503006541e+01 4.080210483971371399e-02 2.018145182045006092e-01 6.894721865214731293e-02 1.962595917382791433e-01
7.897895791583167124e+01 4.108916792165247939e-02 2.015792332585956692e-01 7.246623396344836765e-02 1.973543063859913294e-01
7.917915831663326287e+01 4.137408571089421644e-02 2.006767532272605570e-01 7.598346419611837210e-02 1.977867433404537079e-01
7.937935871743486871e+01 4.165690506868098553e-02 1.991130982943994376e-01 7.949047585047450126e-02 1.975540500016615408e-01
7.957955911823647455e+01 4.193635214014308776e-02 1.968978600844920324e-01 8.297783720634600846e-02 1.966570181379669324e-01
7.977975951903808038e+01 4.221024278865246476e-02 1.940444290045817699e-01 8.643536448131286520e-02 1.951003552669133279e-01
7.997995991983968622e+01 4.247621418730686965e-02 1.905703859544977952e-01 8.985267084022835471e-02 1.928931338436795373e-01
8.018016032064129206e+01 4.273252140838869340e-02 1.864978781939186925e-01 9.321983529794482248e-02 1.900492379946279731e-01
8.038036072144288369e+01 4.297861896276644611e-02 1.818537975549633090e-01 9.652795809653813564e-02 1.865876193521124604e-01
8.058056112224448952e+01 4.321532211329347922e-02 1.766696450360029647e-01 9.976940335783650304e-02 1.825322353619298343e-01
8.078076152304609536e+01 4.344449068741640385e-02 1.709810736194044278e-01 1.029376386338413385e-01 1.779116515127962539e-01
8.098096192384770120e+01 4.366834656441219431e-02 1.648272101049144678e-01 1.060267260990652022e-01 1.727584024341224378e-01
8.118116232464930704e+01 4.388866490848843116e-02 1.582499263563448832e-01 1.090306487490935866e-01 1.671082834282656970e-01
8.138136272545089867e+01 4.410612309298032191e-02 1.512932357742659273e-01 1.119427193494026973e-01 1.609997560355254098e-01
8.158156312625250450e+01 4.432003542549274588e-02 1.440029318439500772e-01 1.147552951487142564e-01 1.544735957414404004e-01
8.178176352705411034e+01 4.452856651105351060e-02 1.364264861524083217e-01 1.174599148866270759e-01 1.475728093132585850e-01
8.198196392785571618e+01 4.472934863899667712e-02 1.286131216074991868e-01 1.200478236249344077e-01 1.403427421559223232e-01
8.218216432865732202e+01 4.492028694911139736e-02 1.206139106149658607e-01 1.225107094941225300e-01 1.328312225191046192e-01
8.238236472945892785e+01 4.510026977032698808e-02 1.124817409706736215e-01 1.248413962443267605e-01 1.250885756998903475e-01
8.258256513026051948e+01 4.526953435203900922e-02 1.042710445979214418e-01 1.270342469272097152e-01 1.171673907067374149e-01
8.278276553106212532e+01 4.542955941464788677e-02 9.603727404857320682e-02 1.290851345545313000e-01 1.091220135590122708e-01
8.298296593186373116e+01 4.558252282063274957e-02 8.783620362224012212e-02 1.309909898477159274e-01 1.010078395851900651e-01
8.318316633266533699e+01 4.573051572141204058e-02 7.972319135345994068e-02 1.327490886242345680e-01 9.288054467778296408e-02
8.338336673346694283e+01 4.587478947675576596e-02 7.175254413900043760e-02 1.343563364947362448e-01 8.479540842307653481e-02
8.358356713426853446e+01 4.601529913356888074e-02 6.397708139644550651e-02 1.358088114557849391e-01 7.680683806114241285e-02
8.378376753507014030e+01 4.615070264011318646e-02 5.644791352162788212e-02 1.371017340399147688e-01 6.896812079796491024e-02
8.398396793587174614e+01 4.627881531681268118e-02 4.921437199354927738e-02 1.382298821433120828e-01 6.133134586732430504e-02
8.418416833667335197e+01 4.639735987741998302e-02 4.232397863637350072e-02 1.391883079909272403e-01 5.394737986631240739e-02
8.438436873747495781e+01 4.650474874280717541e-02 3.582233945025209421e-02 1.399731053024353689e-01 4.686576973542665170e-02
8.458456913827656365e+01 4.660062397459997785e-02 2.975289150948240771e-02 1.405819553106906483e-01 4.013448803186957237e-02
8.478476953907815528e+01 4.668596550346659074e-02 2.415650011943849124e-02 1.410142583743971278e-01 3.379950641556572072e-02
8.498496993987976111e+01 4.676273063274337394e-02 1.907096909184355718e-02 1.412708057135131923e-01 2.790425595887335505e-02
8.518517034068136695e+01 4.683315289824129674e-02 1.453056369699377154e-02 1.413531100094451431e-01 2.248907838789521857e-02
8.538537074148297279e+01 4.689894751037255310e-02 1.056564059568445776e-02 1.412626349735963960e-01 1.759077431108029346e-02
8.558557114228457863e+01 4.696070207958221582e-02 7.202436503556299517e-03 1.410001989356467200e-01 1.324231479031492791e-02
8.578577154308617025e+01 4.701766507370538917e-02 4.463007126608516811e-03 1.405657639202844700e-01 9.472719808433805247e-03
8.598597194388777609e+01 4.706800457458037990e-02 2.365255912121883800e-03 1.399586829098395102e-01 6.307048174935975422e-03
8.618617234468938193e+01 4.710944537894488915e-02 9.229695841212991192e-04 1.391783140635021176e-01 3.766412085232073367e-03
8.638637274549098777e+01 4.714006035356133745e-02 1.457922313938553327e-04 1.382247802585696017e-01 1.867937203357223925e-03
8.658657314629259361e+01 4.715893822374946087e-02 3.911381321689970007e-05 1.370996018567171293e-01 6.246303996263816161e-04
8.678677354709419944e+01 4.716649382268531948e-02 6.039021352393482769e-04 1.358059776956284659e-01 4.517297054629215166e-05
8.698697394789579107e+01 4.716431316928160200e-02 1.836546077665099494e-03 1.343486164264744154e-01 1.337027394267110243e-04
8.718717434869739691e+01 4.715458980380667076e-02 3.728785259325673434e-03 1.327331811312043863e-01 8.896643609685213209e-04
8.738737474949900275e+01 4.713935213916584099e-02 6.267774325284304095e-03 1.309655465346653558e-01 2.307787105800070473e-03
8.758757515030060858e+01 4.711975358445003037e-02 9.436280650735326750e-03 1.290511314778729768e-01 4.378202773513021305e-03
8.778777555110221442e+01 4.709567337817507221e-02 1.321296435343223032e-02 1.269945381042822674e-01 7.086664100824487979e-03
8.798797595190380605e+01 4.706576595792217460e-02 1.757266142720894167e-02 1.247996161869364129e-01 1.041478943225172642e-02
8.818817635270541189e+01 4.702793939647604421e-02 2.248659760148874476e-02 1.224699178923355364e-01 1.434025811549206539e-02
8.838837675350701772e+01 4.698009367052020241e-02 2.792250019832765578e-02 1.200093702173076898e-01 1.883691417108286290e-02
8.858857715430862356e+01 4.692085920235632146e-02 3.384463138769595869e-02 1.174229182085404222e-01 2.387478929282258258e-02
8.878877755511022940e+01 4.685007683722284405e-02 4.021381477109211428e-02 1.147169071926885109e-01 2.942010696900463490e-02
8.898897795591182103e+01 4.676885218601797151e-02 4.698754651091709145e-02 1.118990696189662987e-01 3.543535484204330538e-02
8.918917835671342687e+01 4.667916768583174614e-02 5.412026228771939229e-02 1.089781253093505264e-01 4.187949994205041049e-02
8.938937875751503270e+01 4.658319122139375351e-02 6.156377850921287281e-02 1.059631406170812307e-01 4.870837454904462099e-02
8.958957915831663854e+01 4.648252552587731762e-02 6.926786098639436950e-02 1.028628733656978822e-01 5.587519749872429942e-02
8.978977955911824438e+01 4.637766126565456837e-02 7.718082354717649418e-02 9.968532882414772589e-02 6.333114282646834514e-02
8.998997995991985022e+01 4.626782338852506588e-02 8.525004487064144487e-02 9.643767033449389403e-02 7.102584783454828077e-02
9.019018036072144184e+01 4.615126169716563670e-02 9.342232213741054336e-02 9.312649804835450296e-02 7.890777619568568879e-02
9.039038076152304768e+01 4.602588132324738485e-02 1.016440448062433388e-01 8.975837833549225875e-02 8.692441111697804534e-02
9.059058116232465352e+01 4.588999063267383549e-02 1.098612462657539285e-01 8.634042137487532576e-02 9.502232616778813479e-02
9.079078156312625936e+01 4.574290408071218089e-02 1.180196455698899749e-01 8.288069412181943429e-02 1.031472379722101068e-01
9.099098196392786519e+01 4.558518972367465311e-02 1.260648030734936864e-01 7.938832166900970655e-02 1.112441616887368118e-01
9.119118236472945682e+01 4.541847711451568737e-02 1.339424759112010366e-01 7.587324601538694702e-02 1.192577582838876549e-01
9.139138276553106266e+01 4.524489630894033138e-02 1.415991847162947348e-01 7.234573409360278706e-02 1.271328924851516662e-01
9.159158316633266850e+01 4.506634749391946748e-02 1.489829195908132509e-01 6.881581214790676027e-02 1.348153381314800003e-01
9.179178356713427434e+01 4.488385810109778856e-02 1.560438534987512726e-01 6.529282199786119734e-02 1.422525054710915282e-01
9.199198396793588017e+01 4.469725111202006718e-02 1.627349192736173844e-01 6.178524254344529287e-02 1.493940481801324383e-01
9.219218436873748601e+01 4.450523757310777262e-02 1.690121486994110300e-01 5.830081890587757165e-02 1.561922448993600665e-01
9.239238476953907764e+01 4.430589750985588354e-02 1.748347540412299173e-01 5.484693023632377512e-02 1.626021284235373565e-01
9.259258517034068348e+01 4.409737825013792384e-02 1.801650235376670017e-01 5.143104579994341868e-02 1.685814262566897037e-01
9.279278557114228931e+01 4.387856437826202771e-02 1.849681679784714039e-01 4.806109525924412429e-02 1.740904444080244029e-01
9.299298597194389515e+01 4.364948509692461592e-02 1.892122699313485146e-01 4.474561900655876084e-02 1.790920452285244824e-01
9.319318637274550099e+01 4.341131854339061458e-02 1.928684439509385506e-01 4.149365057338831597e-02 1.835518313613282160e-01
9.339338677354709262e+01 4.316599522943277700e-02 1.959112306154441319e-01 3.831438210169189895e-02 1.874385650562036543e-01
9.359358717434869845e+01 4.291554336561188843e-02 1.983191512242350185e-01 3.521673889359255849e-02 1.907247558642829466e-01
9.379378757515030429e+01 4.266140763664547780e-02 2.000752796238462472e-01 3.220901400859284280e-02 1.933872764257405785e-01
9.399398797595191013e+01 4.240397953819875082e-02 2.011676698100483551e-01 2.929868246880948379e-02 1.954078438833793951e-01
9.419418837675351597e+01 4.214250081192287556e-02 2.015895199590148068e-01 2.649244176473208520e-02 1.967732425371812033e-01
9.439438877755512181e+01 4.187536978415123956e-02 2.013390400595528040e-01 2.379644031070222987e-02 1.974752480321098624e-01
9.459458917835671343e+01 4.160073977802120765e-02 2.004190891206854008e-01 2.121659021622231481e-02 1.975103131635350950e-01
9.479478957915831927e+01 4.131719789364034223e-02 1.988367220777529643e-01 1.875883791812878870e-02 1.968791529109062133e-01
9.499498997995992511e+01 4.102428614665255824e-02 1.966028084111474117e-01 1.642929157875996568e-02 1.955863925279209548e-01
9.519519038076153095e+01 4.072268421399714150e-02 1.937318462741535186e-01 1.423416524707485017e-02 1.936404077495651466e-01
9.539539078156313678e+01 4.041399341785086030e-02 1.902420123315210210e-01 1.217957146422776402e-02 1.910534036993598028e-01
9.559559118236472841e+01 4.010020207299140604e-02 1.861553901133030653e-01 1.027124846954917924e-02 1.878416799853202257e-01
9.579579158316633425e+01 3.978302293432282866e-02 1.814982448980219376e-01 8.514325748274370956e-03 1.840259508578952485e-01
9.599599198396794009e+01 3.946333562386038218e-02 1.763011885031552928e-01 6.913208110220540707e-03 1.796315602965958547e-01
9.619619238476954592e+01 3.914092709134386200e-02 1.705991113307567808e-01 5.471605862678495524e-03 1.746884627723337691e-01
9.639639278557115176e+01 3.881461681010511811e-02 1.644308379947983512e-01 4.192679595634470936e-03 1.692309189218365872e-01
9.659659318637275760e+01 3.848271845117468698e-02 1.578385566209526969e-01 3.079226261308341296e-03 1.632969515061438448e-01
9.679679358717434923e+01 3.814367314760405692e-02 1.508671452929822021e-01 2.133823872796898093e-03 1.569276847246652007e-01
9.699699398797595506e+01 3.779663133240207529e-02 1.435635454086097995e-01 1.358876769031298242e-03 1.501667207766143874e-01
9.719719438877756090e+01 3.744178042540288742e-02 1.359763025420420157e-01 7.565499435796709101e-04 1.430596813007208590e-01
9.739739478957916674e+01 3.708030688650892220e-02 1.281553234466951130e-01 3.286291745220993959e-04 1.356539694310028576e-01
9.759759519038077258e+01 3.671401066819245107e-02 1.201518113472323096e-01 7.637353035945286994e-05 1.279987188803688725e-01
9.779779559118236421e+01 3.634471161003612061e-02 1.120182734260241064e-01 4.264686208848573657e-07 1.201448235614323151e-01
9.799799599198397004e+01 3.597365796745854993e-02 1.038084691818339372e-01 1.008224447215031583e-04 1.121449113941572484e-01
9.819819639278557588e+01 3.560114319725542209e-02 9.557719384799413798e-02 3.770812967411839019e-04 1.040531487153586870e-01
9.839839679358718172e+01 3.522646136350326973e-02 8.737985561370675835e-02 8.283425818637606564e-04 9.592482654369428874e-02
9.859859719438878756e+01 3.484821181152991665e-02 7.927188298555588875e-02 1.453474071502124489e-03 8.781576080522300598e-02
9.879879759519037918e+01 3.446484213636780841e-02 7.130805935787477845e-02 2.251100483022081336e-03 7.978160435637635106e-02
9.899899799599198502e+01 3.407523691500751600e-02 6.354190356284632191e-02 3.219535024848832992e-03 7.187719514756232830e-02
9.919919839679359086e+01 3.367914609412856614e-02 5.602519164384161393e-02 4.356641697782656815e-03 6.415604407129699149e-02
9.939939879759519670e+01 3.327730562754283722e-02 4.880765781098192480e-02 5.659690828395617067e-03 5.667000832665421844e-02
9.959959919839680254e+01 3.287121276387894309e-02 4.193684537846000676e-02 7.125278492672208232e-03 4.946912553743132435e-02
9.979979959919840837e+01 3.246263991352072581e-02 3.545802787401337863e-02 8.749357525882637057e-03 4.260152813058138560e-02
1.000000000000000000e+02 3.205306106130710597e-02 2.941410502334142543e-02 1.052738205557395348e-02 3.611333716574984670e-02
