5.147885738901798042e-02 -2.570752488821829301e-02
1.767660559115090124e-01 -3.871608901473266168e-02
2.209254633357753961e-01 -9.229483103103093555e-02
2.233051080233084962e-01 -3.227505337850836153e-03
2.765004753526548176e-01 -9.469680534280690287e-02
3.082132141736010911e-01 -1.280280261005845854e-01
6.083551725311820979e-01 -1.087155078106851087e-03
6.229938226034107407e-01 -5.035028401654802720e-03
6.397550034546466424e-01 -3.102648662932375526e-02
8.583743123741597314e-01 -4.151778889463385904e-05
1.309617512967754804e-01 -6.470245472541326370e-02
1.952952368450510401e-01 -5.379243642257899166e-02
2.231940025099308500e-01 -8.363472583265283344e-04
3.099258269478030736e-01 -6.298518544942369179e-02
3.413373935992564667e-01 -6.376887799022186443e-02
4.201257160616510000e-01 -7.284379733176837846e-02
6.129519147174714577e-01 -6.912429766532218224e-03
6.228975541546452055e-01 -5.034271475691354247e-03
6.744403262470302085e-01 -2.293056514426368084e-02
8.583771838835828616e-01 -4.204364956857161036e-05
2.227839104743764009e-01 -4.532437133402319844e-03
2.626085090466180882e-01 -1.303173069739933521e-01
2.506786298208133479e-01 -9.297401057578924544e-02
4.310990773853295988e-01 -4.080549269889990199e-02
4.321047302665219636e-01 -1.537853342653867049e-02
5.624822207467192747e-01 -1.697472917358700938e-03
1.646832494405958469e+00 -2.865555397830273163e-03
1.647250706045258140e+00 -1.040812527679867323e-02
1.686878266772627200e+00 -2.890851389990788632e-04
2.318308793038238669e+00 -3.078352408418424621e-07
2.208952521008379077e-01 -3.073474700910566650e-03
2.626085526381793378e-01 -1.303181633239091641e-01
2.506345166180944939e-01 -9.298837433511246420e-02
3.121581946710387800e-01 -1.141903842563752464e-01
3.043974202041641042e-01 -8.240716205471636246e-02
3.571903683651623806e-01 -1.037414992768640465e-01
6.230029557892772241e-01 -5.168514836655962313e-03
6.290235330319350338e-01 -2.729576473900384090e-02
6.542841688229686925e-01 -2.858339065274135421e-02
8.583779647894125286e-01 -4.016875500773506178e-05
9.717628301890435250e-04 -4.858813842314158005e-04
1.732722700867306564e-01 -3.567230358294620762e-02
2.229920365425217543e-01 -1.807966921904576810e-03
3.124619628046874653e-01 -4.383798694365604459e-02
3.545689343134016402e-01 -5.669509891047198186e-02
4.150469490029048969e-01 -5.687887862549907355e-07
4.418798458104098992e-01 -6.205309977253258696e-02
4.455036785625626772e-01 -1.236572989793370547e-02
5.182363108751900649e-01 -2.652616807916297059e-02
5.868761248875673520e-01 -8.193840561038597041e-06
1.241198511749564901e-02 -6.205762624833262471e-03
1.734748006497959238e-01 -3.585131562781630060e-02
2.221396125572475122e-01 -1.960989755766118312e-03
2.668887861251543203e-01 -6.647418279614318581e-02
3.160063293301543785e-01 -7.682298472027096481e-02
3.772788762971925891e-01 -9.391206589994681442e-02
7.178148552221216283e-01 -5.365185983667677846e-05
7.291232920542982665e-01 -3.057677321188981192e-03
7.629934962803913701e-01 -2.349931716608754176e-02
1.013994084725583722e+00 -4.290297178156061373e-05
2.499231802020215332e-01 -1.234857281964994308e-01
2.211958346052748936e-01 -4.561452088400955521e-03
2.440903406203268067e-01 -8.876640990109048446e-02
3.424654465948649418e-01 -8.976667336020176247e-02
3.414523100617820606e-01 -6.370273059839599850e-02
4.201268105652575802e-01 -7.284077388277461484e-02
2.215438426873821864e+00 -6.971369373696805101e-03
2.216350342672761542e+00 -2.613261118545730493e-03
2.229378914280220059e+00 -6.866997781002209637e-03
3.125547430419489459e+00 -7.127583275532998087e-09
5.147885739249293685e-02 -2.570752489516493072e-02
1.767661448077205710e-01 -3.871621858094005664e-02
2.223098658250883541e-01 -2.926233952108249319e-03
2.421259902479118986e-01 -8.161616697000467768e-02
2.937939576677782161e-01 -8.734498661363256089e-02
3.386640236593118081e-01 -1.128339684012320682e-01
4.557996597239959979e-01 -1.451407732657838522e-03
4.801351816251004379e-01 -9.995739018472936735e-03
5.089849311075856919e-01 -3.772403705461067902e-02
6.427655813491037762e-01 -2.269959685877937083e-05
2.215604940091341624e-01 -3.510163992540278437e-03
2.723492321645335501e-01 -1.355636814878694030e-01
2.559219134056295308e-01 -9.626001571965117631e-02
3.414594724457925556e-01 -6.373288393950510278e-02
3.504058887855483473e-01 -9.635312998179516863e-02
4.201271528334548644e-01 -7.284079061629966656e-02
2.495952852170375103e+00 -7.396747491309365111e-03
2.496037528481259926e+00 -2.420441480661272241e-03
2.507479568496075562e+00 -6.099836412929941949e-03
3.521883501349845069e+00 -6.251100682603841921e-10
9.717628301861005666e-04 -4.858813842335323258e-04
1.732722700867296295e-01 -3.567230358294810888e-02
2.230750375838252142e-01 -1.479060878198991532e-03
3.124619628046876318e-01 -4.383798694365607929e-02
3.545850220533559582e-01 -5.672543159120165684e-02
4.418823590131970014e-01 -6.205602558945895464e-02
8.469118525807213249e-01 -2.787547759656646642e-07
8.552104900133485899e-01 -1.537502940151848352e-03
9.014893779988135680e-01 -1.545284848669700728e-02
1.196401363466242707e+00 -4.022650898625994292e-05
2.164552573186190043e-01 -1.057966905204867220e-01
2.281836730311662120e-01 -7.813200869947314886e-02
2.238008681063924366e-01 -3.761302914388474881e-03
3.579101984826973948e-01 -6.529299337833099903e-02
3.676769352063502527e-01 -4.955452477984861881e-02
4.631864051537185056e-01 -5.143327631260332516e-02
4.745389076444844201e-01 -2.432776258462842831e-02
4.802463903125471223e-01 -9.973424843051718544e-03
5.594409702972458209e-01 -2.141623175393331940e-02
6.427668248943410045e-01 -2.220986931178721115e-05
1.309617941602453095e-01 -6.470245465599185064e-02
1.953020787232545574e-01 -5.378115333319911234e-02
2.246267729629753407e-01 -2.244761211776511323e-03
4.059691520774712514e-01 -1.160917644157526823e-02
4.320845830548682431e-01 -1.537217394406342058e-02
5.624821310913883377e-01 -1.697518605342514470e-03
8.508243289093467832e-01 -5.027185309402248600e-03
8.552263868820215720e-01 -1.420333775331681855e-03
9.355798210944928917e-01 -5.525585900826711794e-04
1.196398132641761647e+00 -4.130898481363944237e-05
2.164551064998243013e-01 -1.057964741875667414e-01
2.281897830463638366e-01 -7.813763158786833640e-02
2.237021932295835680e-01 -4.395833859153708278e-03
3.579096111421212201e-01 -6.529050614703925393e-02
3.677493652807416469e-01 -4.959151432675569515e-02
4.631919895519478469e-01 -5.143542027380958864e-02
9.979620840783223201e-01 -8.665939701094927663e-04
1.000140456325560034e+00 -1.162232418389524437e-02
1.043121947985339082e+00 -1.162882055270414439e-02
1.400497814232202209e+00 -2.940645570389441210e-05
2.499237172656561257e-01 -1.234857271552756569e-01
2.217962893476219388e-01 -6.470260454700590795e-03
2.441089037749417379e-01 -8.880566991937827170e-02
2.804353190257946049e-01 -1.253968701730605595e-01
2.764929326700267254e-01 -9.463745185975121210e-02
3.082127732359077332e-01 -1.280281087953912267e-01
2.460345927144846900e+00 -6.277197873180991906e-03
2.461176657521122468e+00 -2.358705149909846258e-03
2.463539794512096037e+00 -8.015457227303249277e-03
3.472655230786293679e+00 -4.674537789695456654e-09
2.231163759431115112e-01 -3.627418150990799166e-03
2.723492424030178882e-01 -1.355635632405442492e-01
2.559329600789721493e-01 -9.625573803906294079e-02
4.297029869283386927e-01 -4.609353579628338443e-02
4.277376870421869537e-01 -1.758346413510095477e-02
5.561183316511690844e-01 -4.829454436840494719e-03
1.315472252347220428e+00 -1.360334274272096073e-03
1.319943738927508159e+00 -1.401295018373655173e-02
1.367022661825998187e+00 -1.023160036896212386e-03
1.850994246601860072e+00 -7.940255029113402728e-06
5.147885741263641401e-02 -2.570752487644222331e-02
1.767662940411834638e-01 -3.871582253863423140e-02
2.306502454173859906e-01 -8.736274780987941802e-02
2.224796630705810907e-01 -4.956640404162945303e-03
2.844649521768197187e-01 -9.142048715927951485e-02
3.221892001327996136e-01 -1.209965597882344951e-01
1.639636110441848427e+00 -4.034996600527657878e-04
1.646831913617184284e+00 -2.866428086114188555e-03
1.652896959747915284e+00 -1.183711193232465410e-02
2.318308790117757034e+00 -2.972836747656407695e-07
1.309618121062568474e-01 -6.470247981184949759e-02
1.953096369047471748e-01 -5.378104440637615502e-02
2.239906605946635487e-01 -3.174208868438783970e-03
3.767897383061761252e-01 -2.717559176143283933e-02
4.036635554803799653e-01 -3.031141010664590435e-02
5.196309861517435236e-01 -2.313542127325069267e-02
2.211565987285335932e+00 -1.915441861284832015e-03
2.216349914324171166e+00 -2.612644233814488074e-03
2.240367747820914968e+00 -2.685271416964256450e-03
3.125547429712887570e+00 -7.503341158159754396e-09
1.529584820848266802e-01 -7.520150314568781191e-02
2.028149264795083562e-01 -5.957848139459284015e-02
2.282927520888062001e-01 -1.126742977638272580e-01
2.246098059574613004e-01 -4.208001837156133754e-03
2.629460348711268325e-01 -9.970823137249316959e-02
2.843212332280383170e-01 -1.404883393289418636e-01
1.801296530468053048e+00 -3.193072640291185014e-03
1.806483641583856992e+00 -3.192386217293306360e-03
1.807331911224302923e+00 -1.105290535201240883e-02
2.543920235275721087e+00 -1.548193841672266656e-08
2.230587618006268646e-01 -4.075726429173563009e-03
2.723492545961033184e-01 -1.355635198572412159e-01
2.559361450295213891e-01 -9.625675926283974726e-02
4.335865324592971248e-01 -4.368155463873770600e-02
4.320260467431218387e-01 -1.530625700546181349e-02
4.356974512230122332e-01 -4.245042115706077618e-02
4.344242517598020936e-01 -1.422196401628557372e-02
5.624822292072589880e-01 -1.697475674147153838e-03
5.642026520279604940e-01 -9.067023425500029101e-04
5.659224495206706118e-01 -1.181618292163829048e-04
2.344726837534229225e-01 -1.152060607831741218e-01
2.364890436369697369e-01 -8.376098551989621943e-02
2.220147970172611784e-01 -5.254277611879272850e-03
3.501979796625192543e-01 -7.775069876095466737e-02
3.546560571031425746e-01 -5.666276450139381277e-02
4.418828049160595239e-01 -6.205422650908314075e-02
1.804624349529464489e+00 -7.495528269796392258e-03
1.806484804757545248e+00 -3.193034269768202111e-03
1.825236025416060226e+00 -7.515772792927752528e-03
2.543920237674319740e+00 -1.485492283676909132e-08
2.164553738805968797e-01 -1.057966718844681880e-01
2.281811438645099388e-01 -7.813284954339716482e-02
2.238337022354754402e-01 -3.644453284564102506e-03
3.579105306768844974e-01 -6.529201650406606106e-02
3.676990293374330920e-01 -4.957998188549024576e-02
4.631904057071554170e-01 -5.143647248462188126e-02
6.222288405978032566e-01 -1.865894047192369343e-02
6.231673140046831705e-01 -5.013653860116801426e-03
6.891956198545161616e-01 -1.748369065152491353e-02
8.583773450890163081e-01 -4.006415476784603512e-05
2.499229392953574436e-01 -1.234854304603890951e-01
2.227591254704363866e-01 -4.748289284443347504e-03
2.441061685615422416e-01 -8.875756005547312533e-02
4.279948728518325751e-01 -3.717673756816072816e-02
4.321013755668124401e-01 -1.537529909013431000e-02
5.624822010400734040e-01 -1.697478712218830664e-03
1.315510196791555675e+00 -1.404676050239948371e-03
1.318261979171456932e+00 -1.177095107927790887e-02
1.368350321829879368e+00 -3.732578319624180597e-04
1.850994236004198434e+00 -7.755845542075664353e-06
3.587655018342531671e-02 -1.792911486220056388e-02
1.749711326869115291e-01 -3.716400131837756249e-02
2.233312844539616371e-01 -2.969658425680820040e-03
3.427212027701578290e-01 -3.000585436996135516e-02
3.805785420413836939e-01 -4.273126246923548283e-02
4.007727386018297144e-01 -8.853755915853190207e-04
4.343598665672111503e-01 -1.415937998341177881e-02
4.835649440169660918e-01 -4.124151627364748551e-02
5.258877031811851621e-01 -1.901956888515445032e-02
5.659224557914148690e-01 -1.181632404243537521e-04
2.229108192369504970e-01 -3.343784364064107673e-03
2.626084016952672795e-01 -1.303174771476184324e-01
2.506696909395035311e-01 -9.296743375171968859e-02
4.271750132816858336e-01 -4.321136302185083627e-02
4.276235325336415483e-01 -1.749223993595805035e-02
4.468622431944214712e-01 -3.834508868486562194e-02
4.455760218104636294e-01 -1.241342226362047302e-02
5.561185074703570708e-01 -4.829380055336343451e-03
5.717088381666817209e-01 -2.369289190500683054e-03
5.868760067078909737e-01 -8.053592171962408087e-06
2.499231798239712754e-01 -1.234857238590475192e-01
2.211939180481616585e-01 -4.576303248107338809e-03
2.440904948495597471e-01 -8.876647315416320849e-02
3.424654449126589006e-01 -8.976665649376618095e-02
3.414528668485765639e-01 -6.370263092643364822e-02
4.201268157728637043e-01 -7.284075953085722421e-02
1.955558012609243557e+00 -7.889534043985256540e-03
1.956852712932333649e+00 -3.153077316903755631e-03
1.971345518015181986e+00 -7.755107966333257136e-03
2.757006295907082016e+00 -7.369618315836878994e-12
1.241198511746974265e-02 -6.205762624843767089e-03
1.734748005490206468e-01 -3.585131501899378736e-02
2.227829013975497208e-01 -3.027495910862292115e-03
3.125689203596541677e-01 -4.394544470004390496e-02
3.546533709461157091e-01 -5.672089723101420705e-02
4.418833422121076215e-01 -6.205449086507493217e-02
2.313757149983858508e+00 -1.664515579383071098e-05
2.319605706765655473e+00 -2.416180813261192308e-03
2.334326942109037351e+00 -5.880039406765466894e-03
3.272122901305033249e+00 -1.454546716617008700e-08
6.920121470844646516e-02 -3.451208631602831201e-02
1.795716036479466371e-01 -4.109654882371358009e-02
2.218692367490479878e-01 -3.732026658537683419e-03
2.709533932980103810e-01 -6.974163770068080026e-02
3.160652747772779159e-01 -7.680387994609581825e-02
3.772790186882636343e-01 -9.391001942385078516e-02
2.314133496528059553e+00 -5.159628824982636112e-04
2.319605653569016379e+00 -2.416676188814469682e-03
2.328124333771859789e+00 -7.620030362269697606e-03
3.272122901274808537e+00 -1.416122620071674656e-08
9.717628301740698256e-04 -4.858813842394751089e-04
1.732722700867278531e-01 -3.567230358294382064e-02
2.240125391296912682e-01 -2.374921150272793231e-03
3.779419597182211432e-01 -1.107069788704840262e-02
4.133127419188169505e-01 -2.513160611318667262e-02
5.344818625393129574e-01 -1.567062189836798333e-02
9.912524683972031569e-01 -2.381640706794548143e-07
9.977494477794719430e-01 -7.372854643884354338e-04
1.060624869322650321e+00 -4.068379658837934301e-03
1.400496859664486005e+00 -3.165743193640115495e-05
1.093764727299401524e-01 -5.426259848872664465e-02
1.888327290646769074e-01 -4.866659835680318957e-02
2.220153957149445800e-01 -3.586917205135637440e-03
2.637185218282339094e-01 -8.146654045747354911e-02
3.044305603249977676e-01 -8.245197884126921617e-02
3.571911356847916608e-01 -1.037398824246023310e-01
1.311063319653183790e+00 -2.263108164460675767e-03
1.315440666885236309e+00 -1.386489002975165551e-03
1.331396237881768974e+00 -1.407701437436303070e-02
1.850994344007494963e+00 -7.636809917780516046e-06
2.275278835378106990e-02 -1.137450342730957770e-02
1.739554570225875507e-01 -3.627487732408647692e-02
2.050379505103731848e-01 -9.785150735408570943e-02
2.236335589420767045e-01 -4.691899097438691907e-03
2.656348480905635911e-01 -9.880763298189652877e-02
2.890780922585913792e-01 -1.379135672146949987e-01
1.798880136670433449e+00 -7.193370103719281844e-05
1.806483984227519990e+00 -3.192658082968516300e-03
1.807807669059373179e+00 -1.103158699605874885e-02
2.543920235626560444e+00 -1.544009924817917760e-08
6.920121468677464804e-02 -3.451208609330585347e-02
1.795708314639796743e-01 -4.109552148800085097e-02
2.055650270785202849e-01 -1.026789333095033674e-01
2.237701209613880138e-01 -4.151756484703019411e-03
2.617492278485789026e-01 -9.968478162136741594e-02
2.823564953386424881e-01 -1.410494746659196330e-01
1.949959258022122111e+00 -6.123905103948176472e-04
1.956852704301784707e+00 -3.153073694115722091e-03
1.957181756275340634e+00 -1.017437963678112338e-02
2.757006295905891857e+00 -7.695291759783846463e-12
1.749185159704607084e-01 -8.559019109540333403e-02
2.110003082908516736e-01 -6.577061321074080535e-02
2.256218876502070203e-01 -2.059443957248861985e-03
3.940174488230330230e-01 -2.961042793969520526e-02
4.132652989911169139e-01 -2.510926665477782038e-02
5.344805452823288006e-01 -1.567123715035455972e-02
6.172805898495605792e-01 -1.230417832188264449e-02
6.229609217658954590e-01 -4.842009751209509945e-03
7.152635327288836553e-01 -5.965498041855895987e-03
8.583749619800231656e-01 -4.230476760791183113e-05
1.309617897593542968e-01 -6.470246562396909928e-02
1.953055878611187346e-01 -5.378346183352866738e-02
2.244001150891089535e-01 -1.077087691577748862e-01
2.244390431133653219e-01 -2.521381407756186077e-03
2.656232233715558055e-01 -9.881352064365020449e-02
2.890782034327033512e-01 -1.379136241580212474e-01
5.254988956088905150e-01 -8.054470880097405749e-03
5.393671495740645083e-01 -7.390438526772889240e-03
5.505733653234837766e-01 -3.629045483517375631e-02
7.337022173956222471e-01 -3.583598258740061616e-05
2.224448579798553038e-01 -5.269625530804038747e-03
2.596557658130679291e-01 -9.854189524018136526e-02
2.789742769260185051e-01 -1.391569331415992428e-01
2.765347037807797670e-01 -9.465068458574260601e-02
2.937475750593370183e-01 -1.332548496188429854e-01
3.082126763414681503e-01 -1.280278166419809571e-01
1.956852708548598496e+00 -3.153073947368105132e-03
1.957005675086249008e+00 -9.918369384302372707e-03
1.959576021198275564e+00 -1.006806062923939690e-02
2.757006295906329729e+00 -7.352974005271743422e-12
1.963262555041065394e-01 -9.580394008363875280e-02
2.196003644343308692e-01 -7.207247203392247448e-02
2.242962041154793751e-01 -4.405235413398504198e-03
3.392335030090316561e-01 -6.810052433789400006e-02
3.546033761604911461e-01 -5.670012668658866439e-02
4.187285748644892225e-01 -2.255006823840972896e-02
4.343577316758424622e-01 -1.415140253761259896e-02
4.418824778461794001e-01 -6.205442854466329539e-02
5.065243839731236042e-01 -2.712457812613564695e-02
5.659224508290093825e-01 -1.181548305116649405e-04
1.241198511750204146e-02 -6.205762624829127758e-03
1.734748006045828406e-01 -3.585131569588061867e-02
2.221809057901335260e-01 -1.669129469811934030e-03
2.668887861251943439e-01 -6.647418279571436217e-02
3.159879758385160664e-01 -7.681908811242037227e-02
3.772781775172053265e-01 -9.391272582268803126e-02
5.192391230040335204e-01 -7.417104055894599109e-05
5.394041334602278637e-01 -7.476477053540597772e-03
5.805449844649175350e-01 -3.075320219037974007e-02
7.337056000996007299e-01 -3.500032916436749249e-05
2.344728395063097881e-01 -1.152054504246793759e-01
2.365183424987505612e-01 -8.377806368575682616e-02
2.229277167484645938e-01 -6.709386508847406394e-03
2.631970529365232903e-01 -1.270521246580111618e-01
2.656051384423420147e-01 -9.879770515093697081e-02
2.890781903613328652e-01 -1.379136478702584767e-01
1.645682187535215890e+00 -8.249301127000160938e-03
1.646846114761477464e+00 -2.867121311507484990e-03
1.649188794572168826e+00 -1.210512783980592123e-02
2.318308788698483003e+00 -2.894539770302124625e-07
1.309617912561983066e-01 -6.470249063131269796e-02
1.953088881050152048e-01 -5.378902995389997499e-02
2.227944011306389194e-01 -2.865966900278965699e-03
3.099257247005570703e-01 -6.298549174002381068e-02
3.414322238102383555e-01 -6.376114331624098408e-02
4.201273913681036198e-01 -7.284121122746411991e-02
2.456861086118849347e+00 -1.724211743978885242e-03
2.461175845929094219e+00 -2.358191231467215120e-03
2.472906469324761325e+00 -6.190450267159857724e-03
3.472655230837787155e+00 -4.987771776944182337e-09
1.309617917677659282e-01 -6.470245668219259949e-02
1.953027686040529065e-01 -5.378172337023977984e-02
2.213468828059209637e-01 -1.093682289396984419e-01
2.246606168614997123e-01 -2.221920196720421261e-03
2.629407097844597696e-01 -9.970941194767413140e-02
2.843212570078119117e-01 -1.404883533036192234e-01
5.254990575340986458e-01 -8.054460993892287313e-03
5.393467738548223256e-01 -7.383103888702338517e-03
5.490229871792974281e-01 -3.641824846261140780e-02
7.337019953817842666e-01 -3.625692168544800153e-05
2.344727282460765116e-01 -1.152066456779408388e-01
2.364766998201052184e-01 -8.374605816837193961e-02
2.229935106639062414e-01 -3.521189700089220193e-03
3.869461224696471580e-01 -5.554801663098418024e-02
3.925734812492119308e-01 -3.617583834834499357e-02
5.025227412623353151e-01 -3.173117239050128602e-02
6.231175031208906478e-01 -5.103770160753887293e-03
6.246984781776842022e-01 -2.181637287728532479e-02
7.033284508219349584e-01 -1.149021254944201931e-02
8.583779065787093820e-01 -4.050476500020058058e-05
2.230071931310356470e-01 -2.067460763591801032e-03
2.596640708705088008e-01 -9.850753929676582532e-02
2.789742588875125939e-01 -1.391569042757059282e-01
3.805089895975602987e-01 -4.268304604471001573e-02
3.886093668061106898e-01 -7.560506736009628415e-02
4.455200176985256166e-01 -1.239106192703714505e-02
4.509203546830175546e-01 -4.306652636237021797e-02
4.835651595187456242e-01 -4.123900522464882951e-02
5.371984923457886474e-01 -1.861685131584403866e-02
5.868762759021518560e-01 -8.223851485092672424e-06
2.223365113094664669e-01 -4.016872173810365730e-03
2.626085071502200496e-01 -1.303174194923456819e-01
2.506721173464134256e-01 -9.297397512559854582e-02
3.947148233625174529e-01 -6.357146283187266322e-02
3.926740396679389566e-01 -3.622074863962292807e-02
5.025251410387322482e-01 -3.172977004018551900e-02
1.956171701261118834e+00 -8.746389788368690021e-03
1.956852710220585045e+00 -3.153077642500700436e-03
1.981495950824816221e+00 -4.019859209836698991e-03
2.757006295906826221e+00 -7.631984088101524183e-12
6.920121464337419814e-02 -3.451208628096102266e-02
1.795711052523483175e-01 -4.109653503797972007e-02
2.224384114520773226e-01 -3.107172507736802314e-03
3.006759074992230163e-01 -5.481439944931403713e-02
3.414359273571308528e-01 -6.375729338814754843e-02
4.201273788391760022e-01 -7.284113370493563999e-02
2.088134595028188656e+00 -5.718569805265060532e-04
2.094506441508188210e+00 -2.897941191774197015e-03
2.108114552458359992e+00 -7.254661527520843770e-03
2.952458664794634480e+00 -6.808069165198747457e-10
2.499236361845350307e-01 -1.234859939563231201e-01
2.223257911770634976e-01 -5.185112116790885524e-03
2.441069811732353712e-01 -8.879548064843652277e-02
2.744880026151114150e-01 -1.285946146112707522e-01
2.701546884296662787e-01 -9.710901648418830689e-02
2.970927661489560223e-01 -1.337229361933733318e-01
9.978761145356281892e-01 -9.698342155847913771e-04
1.003063111691487208e+00 -1.547361368568153303e-02
1.008995072210021160e+00 -1.980545771517751644e-02
1.400496691367667301e+00 -2.964543092193235859e-05
2.224911802867524935e-01 -5.009278743876603365e-03
2.596544889791331800e-01 -9.854142387244375911e-02
2.789742716829750613e-01 -1.391569415877574045e-01
2.765317167358517514e-01 -9.465241789913933501e-02
2.937475866285265691e-01 -1.332549034611923977e-01
3.082127417579234585e-01 -1.280278603342787647e-01
1.481745987700183065e+00 -2.191706166088144836e-03
1.484759410692930270e+00 -1.308574013926747104e-02
1.488147690669181955e+00 -1.333014838554729027e-02
2.085487592339278606e+00 -2.048995787346722622e-06
1.529584021079221090e-01 -7.520154589759360519e-02
2.028216764676504524e-01 -5.959176255504266412e-02
2.431949853837295505e-01 -1.047600514192329468e-01
2.237342475040482448e-01 -4.873443090699385374e-03
2.765233892359763024e-01 -9.469266227518334522e-02
3.082128674730176265e-01 -1.280275793786305460e-01
1.801296528411705955e+00 -3.193070795774877960e-03
1.806483880937696185e+00 -3.192797340230995543e-03
1.809746489509802325e+00 -1.091210690923005017e-02
2.543920235818205811e+00 -1.497903731395355256e-08
1.529583429049104770e-01 -7.520148474148674600e-02
2.028089055642547656e-01 -5.959986717494096531e-02
2.226594191186432592e-01 -4.028928466809567760e-03
2.740718675357501355e-01 -8.853351849641999394e-02
3.044378836751391870e-01 -8.245329741268939139e-02
3.571911215643145954e-01 -1.037395583724529252e-01
2.398054227134370109e+00 -2.398551535913829875e-03
2.401868339623698834e+00 -2.340606862934099027e-03
2.408356656246138705e+00 -7.704476004637093693e-03
3.388731681528545092e+00 -1.177315862245990234e-08
2.499232020928852382e-01 -1.234861137912787038e-01
2.209614222747982581e-01 -3.615252522234839363e-03
2.440759054381054227e-01 -8.876380713603700123e-02
3.300765214189055330e-01 -9.719601707310437932e-02
3.284271701038222746e-01 -7.045511602618570457e-02
3.984224629778381765e-01 -8.354015171864614953e-02
4.439007097599791951e-01 -3.483910103018884180e-02
4.455392836408327284e-01 -1.235132062923220350e-02
4.991635249700580590e-01 -3.342827082185492044e-02
5.868763915053486491e-01 -7.784369790130659341e-06
1.093764652817549310e-01 -5.426259339068472548e-02
1.888256256880304351e-01 -4.866684613265451209e-02
2.227699960303662352e-01 -1.736538747301146022e-03
3.060542361343412399e-01 -5.964124632122611708e-02
3.413851172167026160e-01 -6.376841999005897210e-02
4.201268691943980671e-01 -7.284247973449323177e-02
9.935704387092199052e-01 -2.998035596225011659e-03
9.976652384542357144e-01 -7.815433916259918300e-04
1.033377915410549575e+00 -1.505068285828104445e-02
1.400497955691828000e+00 -3.085956460453890019e-05
2.344730855487938137e-01 -1.152053668386742308e-01
2.365175597709193167e-01 -8.378968876325137982e-02
2.226530449849938587e-01 -7.068521618136208370e-03
2.675934673186191604e-01 -1.247090158954199807e-01
2.701578348427290943e-01 -9.712268662658953000e-02
2.970926800862008221e-01 -1.337228221843235754e-01
1.954849000590618058e+00 -6.908246054707622812e-03
1.956852710883002500e+00 -3.153072197554510764e-03
1.958528041045178192e+00 -1.014233980573531549e-02
2.757006295906383020e+00 -7.038108847487647633e-12
9.717628312191327333e-04 -4.858813837153377348e-04
1.732722700867273535e-01 -3.567230358294016385e-02
2.237401785216509842e-01 -3.549039714831180286e-03
3.779419597182214763e-01 -1.107069788704849976e-02
4.133463595012645819e-01 -2.514122370667761300e-02
5.344822439769746358e-01 -1.567035485767252767e-02
2.313744741727704390e+00 -1.020340445378666757e-07
2.319606004243582653e+00 -2.415974207345817151e-03
2.344373493064336955e+00 -1.790151627182221547e-03
3.272122900642113752e+00 -1.470956934804094008e-08
2.164542265485524253e-01 -1.057963155263839383e-01
2.282162666629715952e-01 -7.813855843013901847e-02
2.242241912036168350e-01 -6.079851155174009758e-03
4.104118750495488466e-01 -3.425784025375241265e-02
4.214410561553921242e-01 -2.084845442807201424e-02
5.467341126939440077e-01 -9.518042444896526733e-03
2.399922548751038942e+00 -4.783958388253546114e-03
2.401870411327684529e+00 -2.339305455294051882e-03
2.427169399302808728e+00 -1.075003355209627276e-03
3.388731681306557331e+00 -1.166438347836467839e-08
5.095141528598133226e-03 -2.547560476953506133e-03
1.733053668234368072e-01 -3.570157795114111549e-02
2.044377671596460111e-01 -9.753756535493651736e-02
2.236312632271696965e-01 -4.700623065115817380e-03
2.656348967130558458e-01 -9.880760601735238957e-02
2.890780917223488844e-01 -1.379135670514297085e-01
2.210100084544882382e+00 -2.936559207378829041e-06
2.216350213275072978e+00 -2.612730299181487050e-03
2.217404976428771768e+00 -8.993604679744528554e-03
3.125547429359815332e+00 -7.305348731419057018e-09
2.344725047724263989e-01 -1.152055398900398292e-01
2.365159341746411459e-01 -8.376680004440195670e-02
2.230765752464570761e-01 -6.490898839384948854e-03
2.605873130470135468e-01 -1.284660295230105886e-01
2.629309700937977889e-01 -9.970265472196986056e-02
2.843212554251794422e-01 -1.404883578345460793e-01
1.804624347399052864e+00 -7.495520949781043184e-03
1.806485073610631931e+00 -3.192838623402285449e-03
1.807331905468829270e+00 -1.105290904178391105e-02
2.543920236148803582e+00 -1.480057574175862675e-08
2.275278835375740827e-02 -1.137450342732039717e-02
1.739554537240332599e-01 -3.627488265272628409e-02
2.237623692184383672e-01 -3.464268399685341629e-03
3.782081784913163269e-01 -1.140442054747414433e-02
4.133441212232152884e-01 -2.514054145904776050e-02
5.344822205740735743e-01 -1.567037082446024604e-02
1.639391880339282848e+00 -7.893046535250329489e-05
1.646829100790331735e+00 -2.858674831309333721e-03
1.682265243602255378e+00 -2.507080071517062310e-03
2.318308791308196781e+00 -3.134376430140555648e-07
9.717628302184836255e-04 -4.858813842141061334e-04
1.732722700867305732e-01 -3.567230358294127407e-02
2.235092373570221891e-01 -3.279410327958141944e-03
3.553479988236719622e-01 -2.241527188202784016e-02
3.926522786221807171e-01 -3.623245981166509089e-02
5.025251427720971442e-01 -3.172995463736935640e-02
2.455539894480039731e+00 -9.614208859256170079e-08
2.461176012649356259e+00 -2.358092161308031169e-03
2.481010497419266603e+00 -3.215320512894043019e-03
3.472655230739319254e+00 -5.087359693908032342e-09
1.963261949829760156e-01 -9.580385845098421393e-02
2.196004525607841151e-01 -7.207719626072375818e-02
2.239722042521587186e-01 -4.651394065835852930e-03
3.256976173259517049e-01 -7.580791205295188406e-02
3.413936976558987757e-01 -6.374437336931189357e-02
4.201269945029886821e-01 -7.284148885500846271e-02
2.458534794740825369e+00 -3.831067520475053747e-03
2.461176088675043783e+00 -2.357629981127787929e-03
2.472906462213318335e+00 -6.190448709583276123e-03
3.472655230804626569e+00 -4.754140302889424574e-09
1.963267592433873832e-01 -9.580397656685916974e-02
2.195862108040325944e-01 -7.205963565912937296e-02
2.251695514604512560e-01 -2.936379333716980945e-03
3.655310905584558956e-01 -5.299116080602174483e-02
3.804428832309094677e-01 -4.266660997390898241e-02
4.711011630423763141e-01 -2.011338092736643379e-02
4.801764022811521038e-01 -9.948246539498202187e-03
4.835594767260708582e-01 -4.123625433261790540e-02
5.682888934653389512e-01 -1.765608365948912253e-02
6.427662242189989827e-01 -2.269750101897188480e-05
1.963263249162815749e-01 -9.580413134616019843e-02
2.196056618174034580e-01 -7.206499628340604091e-02
2.431777906592638705e-01 -1.205719224669200978e-01
2.254563987528781233e-01 -4.573319247768402318e-03
2.617435634366330199e-01 -9.968304931493293664e-02
2.823564932678089834e-01 -1.410494843652436436e-01
9.980294297714258356e-01 -6.906470838266017638e-04
9.986046111701022410e-01 -9.616136479227026940e-03
1.006402943687212392e+00 -1.979436988966097252e-02
1.400494633699351343e+00 -3.070440246260371949e-05
1.093764650650565912e-01 -5.426258685739021592e-02
1.888224756659171999e-01 -4.866290350883226146e-02
2.243448066637937499e-01 -1.445616272325261778e-03
3.841535626471554443e-01 -1.861318088583517605e-02
4.132714143720405686e-01 -2.511456492615254943e-02
5.344805733850676033e-01 -1.567125465287457636e-02
6.112809849800349138e-01 -4.846854680026344529e-03
6.229326690839879221e-01 -5.001085024757585470e-03
7.152640289615781466e-01 -5.965525889527623603e-03
8.583757604140866970e-01 -4.302950823266713041e-05
1.241198511748594843e-02 -6.205762624840856223e-03
1.734748007773610767e-01 -3.585131502592913549e-02
2.220970333688794263e-01 -3.375081884897143669e-03
2.818409199400893628e-01 -5.913530142310371995e-02
3.284794220197295722e-01 -7.052021449186830770e-02
3.984253069995493668e-01 -8.353909971261117007e-02
1.949512666836264119e+00 -1.975515015409952171e-05
1.956852709387214562e+00 -3.153076477944038395e-03
1.968880739328017437e+00 -8.445868927849821753e-03
2.757006295906692994e+00 -7.559073247233118694e-12
1.093764694907243540e-01 -5.426259399254662608e-02
1.888296949537034142e-01 -4.866434108367367201e-02
2.311770002372404154e-01 -9.817347546873947395e-02
2.234292812277532125e-01 -3.004229408289205150e-03
2.764986764239358297e-01 -9.469693014757879501e-02
3.082132021248607523e-01 -1.280280801309160721e-01
5.235572537174945085e-01 -5.659767522974853970e-03
5.394117912698344064e-01 -7.428105136832363967e-03
5.568378168306800102e-01 -3.560507097103504659e-02
7.337031387032877383e-01 -3.504129065190554376e-05
1.529584787673380075e-01 -7.520138461148168085e-02
2.027984286307195350e-01 -5.957595058864666171e-02
2.249913120324061044e-01 -2.617162023525079588e-03
4.090219628210050584e-01 -1.522491808450623062e-02
4.258504759586310140e-01 -1.350070840208419595e-02
4.319864824413089388e-01 -1.529533507912075527e-02
4.455228570201266725e-01 -1.238013615674294667e-02
5.624822690754732735e-01 -1.697475253456752053e-03
5.748291701982255475e-01 -8.431930305967814043e-04
5.868753825582772032e-01 -8.170326065428763358e-06
2.164549200239754279e-01 -1.057965242440723624e-01
2.281954679905104644e-01 -7.813477499147782057e-02
2.241183005396879535e-01 -4.600866017116090126e-03
3.823874844194962708e-01 -5.081706288372482561e-02
3.926026999308584453e-01 -3.618984273489448539e-02
5.025243002798067682e-01 -3.173040184041470146e-02
9.979829458883774373e-01 -8.486638261379418451e-04
1.000140762548846096e+00 -1.162194248429325796e-02
1.052566983756403562e+00 -7.741091108612867255e-03
1.400497393836577231e+00 -2.965998188380522787e-05
3.587655018349928532e-02 -1.792911486176135966e-02
1.749711266364905315e-01 -3.716397567516201150e-02
2.237358715199353476e-01 -3.563731320268400445e-03
3.786048880315333043e-01 -1.190015211835436688e-02
4.133467637090066926e-01 -2.514135400236035614e-02
5.344822481485712595e-01 -1.567035207886912848e-02
2.490444887247042161e+00 -1.291398189673898737e-04
2.496037518783691400e+00 -2.420384692927588823e-03
2.518837262131784716e+00 -1.662256600375866186e-03
3.521883501295975716e+00 -6.411428641178509238e-10
2.275278835373757344e-02 -1.137450342733337984e-02
1.739554519613375483e-01 -3.627488591656518463e-02
2.240056217360162916e-01 -2.857368706764169645e-03
3.868599060711835902e-01 -7.054010341722337374e-03
4.214215399898432746e-01 -2.085750831470793015e-02
5.467339964037917222e-01 -9.518188323797912437e-03
1.146845126612705990e+00 -1.128189155932607710e-04
1.152617264108807937e+00 -7.297737190684567632e-04
1.210031078517191050e+00 -2.229972087368719234e-03
1.620663361423124060e+00 -1.900141687496037008e-05
2.275278835376920439e-02 -1.137450342734621506e-02
1.739554619735697305e-01 -3.627488722153642681e-02
2.222008571061712956e-01 -3.591332853558344695e-03
2.399677182755020621e-01 -8.013212306054186274e-02
2.938091806863666333e-01 -8.733893611162603376e-02
3.386638505769595797e-01 -1.128334433373559126e-01
4.152804719376176901e-01 -3.115939532736157350e-04
4.454848696020333731e-01 -1.231775449603849347e-02
4.741550320894870052e-01 -4.040332501100611651e-02
5.868756801148147240e-01 -7.881972094150869990e-06
6.920121437249072971e-02 -3.451208623124326497e-02
1.795699030806460761e-01 -4.109670905210848629e-02
2.242460155651822273e-01 -1.923041873631214146e-03
3.889867380821363518e-01 -9.752379481441949063e-03
4.213937624913565716e-01 -2.084663506637510211e-02
5.467335879314937364e-01 -9.518423996549124286e-03
7.190320231597239209e-01 -1.658797444328299463e-03
7.291461627318377436e-01 -2.954966193542608432e-03
8.150953295381964114e-01 -3.288042951237777917e-03
1.013992322850399974e+00 -4.476023332613891895e-05
2.164542796278633718e-01 -1.057954676237806840e-01
2.282308329992557283e-01 -7.816632795865997851e-02
2.238382935492433667e-01 -7.277740154750819354e-03
2.598976245110896643e-01 -1.204842432531875868e-01
2.701633037353041722e-01 -9.714371917991064531e-02
2.970927310298695501e-01 -1.337227155155109870e-01
2.214134599332810982e+00 -5.181119629320835550e-03
2.216351113205151435e+00 -2.612411118829594849e-03
2.218061758904945613e+00 -8.961499403814729425e-03
3.125547429550445067e+00 -6.754563935298417134e-09
5.095141528630121527e-03 -2.547560476974998055e-03
1.733053668211532172e-01 -3.570157795231768127e-02
2.010770979284257076e-01 -9.935698098726872263e-02
2.238201336855491219e-01 -4.399495587556922181e-03
2.629462020560845992e-01 -9.970650783477418011e-02
2.843212307554210394e-01 -1.404883434867290892e-01
1.798828874496615438e+00 -3.607952811647225965e-06
1.806483857161405471e+00 -3.192565402793426724e-03
1.807331910762734140e+00 -1.105290469099708822e-02
2.543920235494092630e+00 -1.562260487502668124e-08
2.229849948576500263e-01 -4.750892033654675883e-03
2.723492562658256233e-01 -1.355635549155443098e-01
2.559497695909399018e-01 -9.628280639725256274e-02
2.784028857103208465e-01 -1.380459720381431998e-01
2.629309886131547258e-01 -9.968142170006781544e-02
2.843212404849740360e-01 -1.404883605735630925e-01
1.956662734998324771e+00 -9.434127719946120566e-03
1.956852706540244347e+00 -3.153074291889247649e-03
1.957344234762021351e+00 -1.020364141734228167e-02
2.757006295906159199e+00 -7.566969844924728269e-12
1.309618133259499440e-01 -6.470247568000399296e-02
1.953091524993346428e-01 -5.377998558168018556e-02
2.242188086616258846e-01 -3.198746557105818650e-03
3.952220859251676099e-01 -1.729316940480050968e-02
4.214328676204432411e-01 -2.086159420141413257e-02
5.467341062469283086e-01 -9.518117449033691724e-03
1.477070149992464110e+00 -2.869410837370572811e-03
1.481723641015222581e+00 -2.150397215046926519e-03
1.524604111284730168e+00 -1.740379403223476975e-03
2.085487563734369498e+00 -2.150444930700549102e-06
1.093764784398567752e-01 -5.426259923724675166e-02
1.888363006856922932e-01 -4.866410103454470865e-02
2.221487967472420832e-01 -4.580198209430538618e-03
2.513668448208045136e-01 -8.778573133550789109e-02
2.938395474360958048e-01 -8.733559781588855209e-02
3.386639377434322862e-01 -1.128324439057931117e-01
2.397140874676011002e+00 -1.237646557977851221e-03
2.401868805495179782e+00 -2.340907534566411680e-03
2.406816964262746161e+00 -7.950659011120908559e-03
3.388731681474356439e+00 -1.179340987201055735e-08
2.499229570093300379e-01 -1.234853860523838914e-01
2.224870234325438678e-01 -4.906137137182786483e-03
2.441069918993465648e-01 -8.875945146122231344e-02
4.106237852660610255e-01 -4.780316673291475082e-02
4.133617717521696489e-01 -2.513028382548817760e-02
5.344822380083213975e-01 -1.567025674312763975e-02
2.460345913274361251e+00 -6.277197222808603150e-03
2.461176439670989868e+00 -2.358441892730198976e-03
2.484424375917496430e+00 -1.687420771262217092e-03
3.472655230879005295e+00 -4.921139457010599355e-09
1.529584765045012285e-01 -7.520148224158262895e-02
2.028124289087315513e-01 -5.957862358794210195e-02
2.282927586348199034e-01 -1.126742914517680771e-01
2.246751974777032035e-01 -3.979024455774695171e-03
2.629454087695968223e-01 -9.970860283046180383e-02
2.843212366536235769e-01 -1.404883398994490329e-01
1.477899543548718997e+00 -3.910606229716081725e-03
1.481729745857553127e+00 -2.139262209407675076e-03
1.485229185081997194e+00 -1.346421648360625507e-02
2.085487465936032514e+00 -2.120613555161841963e-06
1.963262357023481397e-01 -9.580394639460848571e-02
2.196012555022852364e-01 -7.207270819433232723e-02
2.243143462744488781e-01 -4.484945572733473225e-03
3.392332984614523372e-01 -6.810041314412541846e-02
3.546131748091091440e-01 -5.670343579458102246e-02
4.418829276004886952e-01 -6.205477248581584698e-02
1.643835226801795057e+00 -5.759668893713539711e-03
1.646833784584718297e+00 -2.847917895953234937e-03
1.668233305417932133e+00 -8.253992635283324136e-03
2.318308799463062897e+00 -2.951329611427882786e-07
1.963257903809250970e-01 -9.580357536990029288e-02
2.196121559572058735e-01 -7.209958640833044607e-02
2.235916292591588195e-01 -6.164166684419315062e-03
2.762668944792414094e-01 -1.031639055351780687e-01
2.938024755945021771e-01 -8.734544183088953362e-02
3.386641804852061344e-01 -1.128329595077487146e-01
2.213425942405117475e+00 -4.255513901545784905e-03
2.216350285065720627e+00 -2.612417704610069200e-03
2.221610110993780918e+00 -8.608767439085968781e-03
3.125547429722250303e+00 -6.766417146944033969e-09
2.164546095748141052e-01 -1.057962617954401052e-01
2.282043828849222022e-01 -7.814251852022535694e-02
2.235406786472491913e-01 -5.522930374425295136e-03
3.579082853740842562e-01 -6.528921449966726409e-02
3.678007616686342907e-01 -4.959299880479738076e-02
4.631927263234464354e-01 -5.143447829044300174e-02
2.317600958294868896e+00 -4.954287564492572404e-03
2.319607518052210438e+00 -2.415329307879668288e-03
2.336519544624770628e+00 -5.104046999917477914e-03
3.272122901396422812e+00 -1.368228450592306919e-08
1.309617646225192944e-01 -6.470246862452608272e-02
1.953004757540057479e-01 -5.379157303307366411e-02
2.230220936760553829e-01 -1.646152428444004352e-03
3.099257665792037320e-01 -6.298531764932507881e-02
3.413826584140475240e-01 -6.377053114306238668e-02
4.201268718303421412e-01 -7.284252326500302577e-02
9.945938953217827727e-01 -4.318997770776929895e-03
9.976600208266984682e-01 -7.293674615058191001e-04
1.033377845446948662e+00 -1.505084096434990311e-02
1.400497828440961490e+00 -3.083871950034557932e-05
2.164544883156917510e-01 -1.057963441917988134e-01
2.282079779691812138e-01 -7.813892885490364426e-02
2.239335238369853376e-01 -5.552880313919260000e-03
3.823866147727023601e-01 -5.081635843101793559e-02
3.926287157760878221e-01 -3.618767924543685177e-02
4.227331311053453278e-01 -2.717901725697325840e-02
4.343641209916950241e-01 -1.415638706670152222e-02
5.025250307383587467e-01 -3.172965309732184158e-02
5.348979099798666370e-01 -1.496396757624556331e-02
5.659224534356857017e-01 -1.181525945687680564e-04
5.147885739564313223e-02 -2.570752487586624307e-02
1.767659729103116251e-01 -3.871597313421198255e-02
2.233291475217996092e-01 -3.140497347699416474e-03
3.435483706299308215e-01 -3.092339705702966401e-02
3.805961687805636262e-01 -4.273901031885433272e-02
4.835648998541387522e-01 -4.124186843572388850e-02
2.396406695477537152e+00 -2.761053589103979432e-04
2.401868657583802413e+00 -2.340078770279738207e-03
2.420287833630550001e+00 -4.124814287442224621e-03
3.388731681677782159e+00 -1.242361240849384933e-08
5.095141528616443233e-03 -2.547560476966750746e-03
1.733053668170818351e-01 -3.570157797385926229e-02
2.235109969733134749e-01 -1.021905344447718213e-03
3.275507693079046101e-01 -3.635211634455133567e-02
3.677136972179517183e-01 -4.962795711018692935e-02
4.631907645730825585e-01 -5.143660862783888676e-02
6.075436022595488428e-01 -1.068249201515918898e-05
6.229382191476503516e-01 -5.030696996659597166e-03
6.891973684065810790e-01 -1.748511178387132312e-02
8.583773529282406889e-01 -4.254595265227026146e-05
2.164542752580134177e-01 -1.057954658463983039e-01
2.282309591717735786e-01 -7.816636883269967306e-02
2.238365567151356095e-01 -7.286594592006958616e-03
2.598976200406244441e-01 -1.204842420661439290e-01
2.701633909649822085e-01 -9.714367490029755803e-02
2.970927296184353028e-01 -1.337227148836695467e-01
2.091975635225798325e+00 -5.476486558985228792e-03
2.094506547510998740e+00 -2.897862291326023382e-03
2.096135384759124864e+00 -9.478212756627165184e-03
2.952458664749305406e+00 -6.208771561458345451e-10
2.217714740679066210e-01 -3.164409761846349433e-03
2.596463677115453672e-01 -9.852290024844581606e-02
2.789742337824193674e-01 -1.391570089844761660e-01
2.938150114545554636e-01 -8.732418253343185444e-02
3.093629980863477624e-01 -1.245059920798616826e-01
3.386640719458052229e-01 -1.128337025342846522e-01
7.291733812754243038e-01 -3.117159335188079538e-03
7.382589940745331036e-01 -2.632163849140214951e-02
7.527378357601244296e-01 -2.564028724277188712e-02
1.013993621005657042e+00 -4.226114710632352902e-05
2.221505291247449221e-01 -3.897599735886695185e-03
2.626085095095220812e-01 -1.303174591602955512e-01
2.506698061615409978e-01 -9.297429232259842025e-02
3.834779940959772704e-01 -7.064646372445637645e-02
3.806213228766527346e-01 -4.272220443146699381e-02
4.835648649704041846e-01 -4.124161149330773241e-02
2.093933679627603794e+00 -8.172445779841618768e-03
2.094506478801374527e+00 -2.897969964063167644e-03
2.115322612257683144e+00 -4.711458034827930436e-03
2.952458664813809808e+00 -6.795181163865465354e-10
2.344729959960955012e-01 -1.152057090392819422e-01
2.365098117140719547e-01 -8.377507848631370047e-02
2.230212220485723595e-01 -6.022288946016146269e-03
2.631972396885408072e-01 -1.270522499214816192e-01
2.656010977385390159e-01 -9.879969967956665766e-02
2.890782347722515855e-01 -1.379136613862872451e-01
1.152780631039277193e+00 -9.139772894762399156e-04
1.155747600328144609e+00 -1.179710203551486564e-02
1.160852118457679216e+00 -1.723861161279496498e-02
1.620663158853137054e+00 -1.767311776347026887e-05
2.499229287456172233e-01 -1.234854001990234318e-01
2.225578480773411361e-01 -5.487697430235806764e-03
2.441101658832418864e-01 -8.876844695811905717e-02
2.666267055115175144e-01 -1.325548014435626865e-01
2.617486593864730149e-01 -9.967381777845982227e-02
2.823564877121009786e-01 -1.410494788132221622e-01
2.215438427041353631e+00 -6.971365339675253403e-03
2.216350533173927495e+00 -2.613110241592006035e-03
2.216872798675389333e+00 -8.983150097054219338e-03
3.125547429674458311e+00 -7.230587939901009511e-09
2.499236330396743810e-01 -1.234862477070505643e-01
2.219768522078551520e-01 -4.725303503453726767e-03
2.440910232353498965e-01 -8.879573280542572833e-02
2.804355753781639926e-01 -1.253978875108910651e-01
2.764687880892336413e-01 -9.464327935203357967e-02
3.082130809004410832e-01 -1.280285851140504361e-01
4.809557399643878961e-01 -3.220871137026934394e-02
4.801973357148447419e-01 -9.997841046082610317e-03
4.976030291522813842e-01 -3.978982338124451706e-02
6.427656652457544029e-01 -2.209555728530015608e-05
2.499229716148036184e-01 -1.234854300594457888e-01
2.223851857395663378e-01 -4.774071129869012636e-03
2.441050490888973246e-01 -8.875946487412464392e-02
4.015125647727419977e-01 -5.343220105087268662e-02
4.036850672062291534e-01 -3.029531154403598825e-02
5.196309717686368179e-01 -2.313525622041089427e-02
2.215438424702970366e+00 -6.971365080673109019e-03
2.216350475671603704e+00 -2.613107733026203468e-03
2.240367749983146695e+00 -2.685265306560009196e-03
3.125547430142014083e+00 -7.269711782956947540e-09
5.147885739267217542e-02 -2.570752487212892012e-02
1.767659141199672268e-01 -3.871592569645976312e-02
2.238032387025927494e-01 -3.292324939442662236e-03
3.793085854830745007e-01 -1.277457929043677824e-02
4.133396504024187124e-01 -2.513928359915672262e-02
5.344821741738864374e-01 -1.567040374503307978e-02
1.475186932048509370e+00 -4.483869794152592347e-04
1.481730801483828630e+00 -2.155692915924068212e-03
1.522391791951233087e+00 -2.793721718436197130e-03
2.085487603722466776e+00 -2.150400694157383766e-06
2.226994498380764909e-01 -4.171568063321001718e-03
2.723491610229686888e-01 -1.355637752604587354e-01
2.559247784889030486e-01 -9.630131045479074781e-02
2.849332801024443973e-01 -1.345146349846496614e-01
2.701807737839267420e-01 -9.709154568398718765e-02
2.970926299255462477e-01 -1.337229347533381296e-01
4.454758758909566629e-01 -1.231045451960519760e-02
4.492462856653931524e-01 -4.112770698065099789e-02
4.575376555850388938e-01 -4.347824032449894988e-02
5.868754920924160734e-01 -7.954194363773872166e-06
9.717628304738980217e-04 -4.858813840834114162e-04
1.732722700867327936e-01 -3.567230358294053161e-02
2.227809476211951578e-01 -3.036306451793234669e-03
3.124619628046877984e-01 -4.383798694365601684e-02
3.546537283943796970e-01 -5.672086885096623565e-02
4.418833465039005981e-01 -6.205448336718372149e-02
2.455539894480038843e+00 -9.614208864673659137e-08
2.461175935292489569e+00 -2.358161731024896977e-03
2.474947661268692478e+00 -5.541989941659061260e-03
3.472655230859048814e+00 -5.035758846785778422e-09
2.499231103111559937e-01 -1.234856860084256047e-01
2.215384799340009148e-01 -4.364160923424269083e-03
2.440929991339078342e-01 -8.876286668433178151e-02
3.550644002882081263e-01 -8.210461965794618733e-02
3.546720685836106113e-01 -5.667512175297175631e-02
4.418829272495536920e-01 -6.205417496539665512e-02
1.646519310927841984e+00 -9.402184366804681309e-03
1.646833060145720395e+00 -2.869231700597610606e-03
1.668233409354144436e+00 -8.253838996259312347e-03
2.318308818707595531e+00 -2.979802367489837298e-07
2.164541708684949994e-01 -1.057963101011465401e-01
2.282180031252322994e-01 -7.813849839648130680e-02
2.242767790829230390e-01 -6.196158387294623676e-03
4.164235864042952762e-01 -3.073651390225952754e-02
4.277417923547393031e-01 -1.757696099773050843e-02
5.561183545614266643e-01 -4.829417078291499930e-03
2.214134594552175539e+00 -5.181129201718559854e-03
2.216350871865826022e+00 -2.612214668019985104e-03
2.244802423209162789e+00 -5.997633503642491254e-04
3.125547429606243544e+00 -7.034933772255081982e-09
1.241198511751872950e-02 -6.205762624823083114e-03
1.734748008163334854e-01 -3.585131497248627425e-02
2.279645183075898474e-01 -8.565841704844158466e-02
2.226476201865112414e-01 -3.912382516292309959e-03
2.844479706106217143e-01 -9.143006451721218120e-02
3.221895608133731326e-01 -1.209969477150538431e-01
9.912814332412710483e-01 -3.885052366599284110e-05
9.977956258067008921e-01 -8.669258802171847826e-04
1.013576455101023566e+00 -1.942890682064958921e-02
1.400496394497011021e+00 -3.023211758203802355e-05
2.212831965112803667e-01 -3.806046602434060531e-03
2.626085449667635574e-01 -1.303176377024328758e-01
2.506595283656016249e-01 -9.297853858690317830e-02
3.468883502837779576e-01 -9.345572115133694846e-02
3.414571686638849801e-01 -6.371930170188605524e-02
4.201269642080758815e-01 -7.284083014858702687e-02
1.646828450358188922e+00 -2.868745025324965885e-03
1.647250687335661823e+00 -1.040821837707655260e-02
1.665207512780288335e+00 -9.228334494962353585e-03
2.318308818427979645e+00 -3.006861152742570031e-07
5.147885737934072142e-02 -2.570752488462434496e-02
1.767658350506089993e-01 -3.871615462415364112e-02
2.237734009513451805e-01 -2.068531535254650253e-03
3.568590339852318882e-01 -2.417379183844127824e-02
3.926059254766337547e-01 -3.622461142160744024e-02
5.025244895388385480e-01 -3.173052699464622151e-02
9.917552588229248123e-01 -6.666836861414839619e-04
9.977303968139070722e-01 -7.463961699228360835e-04
1.052568393889894871e+00 -7.742174806559861538e-03
1.400497470880905926e+00 -3.148366394118617208e-05
5.147885741293487666e-02 -2.570752487988824109e-02
1.767663238737454123e-01 -3.871589509426832942e-02
2.220444459667696435e-01 -4.742504788520522999e-03
2.421259891942641185e-01 -8.161616782475548948e-02
2.938396112395738058e-01 -8.733381033262971327e-02
3.386639044200858706e-01 -1.128324442795799326e-01
2.455742360789022971e+00 -2.694390834389077537e-04
2.461176086697593135e+00 -2.358467299011959666e-03
2.465903794953309358e+00 -7.755552800584260970e-03
3.472655230723031838e+00 -4.819631009298330794e-09
2.164551102115680192e-01 -1.057964885379534953e-01
2.281883465317339210e-01 -7.813816480162827371e-02
2.234007259774967447e-01 -4.385740902797479086e-03
3.448420008267111259e-01 -7.297325253340503082e-02
3.545448311132525232e-01 -5.664506410012629806e-02
4.368155136822900464e-01 -2.632154659945597219e-02
4.418793416591865197e-01 -6.205319215353634343e-02
4.455405604735002689e-01 -1.232613282408285930e-02
5.182355983334485661e-01 -2.652540079635867104e-02
5.868761722893376387e-01 -7.710149471159415496e-06
1.309617807688962243e-01 -6.470246702463364197e-02
1.953022643290656668e-01 -5.378680765614711479e-02
2.236264058330946491e-01 -1.950064716811282474e-03
3.386927978593137212e-01 -4.763581638285634134e-02
3.677778993558636356e-01 -4.964157270417055012e-02
4.631926460859694950e-01 -5.143527325316159943e-02
1.149646905776144923e+00 -3.731119480605481816e-03
1.152547892134355267e+00 -6.970185830727172651e-04
1.191874339050919440e+00 -1.017267793316475877e-02
1.620664067061536429e+00 -1.870159980627143610e-05
