5.000000000000000000e-01 6.461815729437400124e-01 1.795655479639248853e+01 4.655237190055809293e+01 8.565471068602253979e+01 1.352864443033573707e+02
5.190380761523045727e-01 5.230374407384288382e-01 1.645812655138212222e+01 4.287657328818019664e+01 7.910214652607578500e+01 1.250932252867613386e+02
5.380761523046092565e-01 4.376381052448567455e-01 1.512449772946169801e+01 3.954545855885734795e+01 7.337154083264286442e+01 1.159081998694989153e+02
5.571142284569138292e-01 3.599844058083604970e-01 1.392342567142267562e+01 3.666633203383117490e+01 6.809596074148117850e+01 1.077894631240634027e+02
5.761523046092184019e-01 3.040821821978672568e-01 1.283989550479333452e+01 3.406862029268505410e+01 6.332893452494614905e+01 1.005677772745411716e+02
5.951903807615230857e-01 2.576923888587044909e-01 1.186226481945440625e+01 3.175696870718598319e+01 5.903837992575147098e+01 9.395002167876920396e+01
6.142284569138276584e-01 2.170532224218892081e-01 1.101499486549975337e+01 2.961763113652174439e+01 5.521688982058017814e+01 8.793026127590634644e+01
6.332665330661322312e-01 1.714825247695369037e-01 1.026458146823225981e+01 2.764233493865204494e+01 5.178753775178213914e+01 8.240790803606482484e+01
6.523046092184369149e-01 1.371138100562076523e-01 9.583676873248247574e+00 2.586777022508988821e+01 4.862919586018014684e+01 7.742439993636646989e+01
6.713426853707414876e-01 1.170030303234288055e-01 8.944037084288241957e+00 2.429280497031059838e+01 4.569825936756377871e+01 7.290397879491763433e+01
6.903807615230461714e-01 9.802228207648178149e-02 8.347704844806438373e+00 2.286780098554836727e+01 4.300162017319892271e+01 6.875663992408026104e+01
7.094188376753507441e-01 8.722633006324125027e-02 7.821331004322332525e+00 2.154486999729968488e+01 4.055790381240210252e+01 6.493518410864157886e+01
7.284569138276553169e-01 7.068235155776871059e-02 7.359674936225950148e+00 2.030044307068576970e+01 3.833400313978032159e+01 6.141781678499866359e+01
7.474949899799598896e-01 4.777135843208656085e-02 6.938855308692717827e+00 1.914861766788487074e+01 3.628376532074994998e+01 5.817146929068393035e+01
7.665330661322645733e-01 3.569789425564489499e-02 6.542353385175521119e+00 1.810388396908935604e+01 3.438235125152785088e+01 5.515290263850555164e+01
7.855711422845691461e-01 2.653523138436545553e-02 6.165936507215017848e+00 1.715193375641885254e+01 3.261854459993136857e+01 5.234543608432827710e+01
8.046092184368738298e-01 1.764298420235600393e-02 5.820239489707248914e+00 1.627035458525608647e+01 3.097940107310565239e+01 4.975705688266346982e+01
8.236472945891784025e-01 8.427336182965131442e-03 5.510418107725453929e+00 1.544607790299337502e+01 2.945276317515414988e+01 4.737442555850170578e+01
8.426853707414829753e-01 -4.161120195292814829e-03 5.228762255000604320e+00 1.467494519841807410e+01 2.803616463946472592e+01 4.515499042781279826e+01
8.617234468937875480e-01 -1.342520786821200032e-02 4.966728672570562608e+00 1.395599092434875921e+01 2.672783155782825304e+01 4.306386164329316557e+01
8.807615230460922318e-01 -1.863142237973750698e-02 4.720382348659154736e+00 1.328867767456401161e+01 2.551366825043161413e+01 4.109736655652122295e+01
8.997995991983968045e-01 -2.391399367007222831e-02 4.489536148725039588e+00 1.267119085656594279e+01 2.437375873094653400e+01 3.926723495256700147e+01
9.188376753507014882e-01 -2.996667016150456053e-02 4.274958455880688568e+00 1.209786942679393640e+01 2.329685355208262720e+01 3.757047295450479396e+01
9.378757515030060610e-01 -3.569859065150698257e-02 4.076123754647793973e+00 1.156097179783740003e+01 2.228370344852222118e+01 3.598698224518909683e+01
9.569138276553106337e-01 -4.004607369918781329e-02 3.891053153331146763e+00 1.105582787159677238e+01 2.133614499628476580e+01 3.449705657120445323e+01
9.759519038076152064e-01 -4.337702136277475640e-02 3.717359914061233894e+00 1.058203888887426025e+01 2.044851020013827636e+01 3.309112082007523981e+01
9.949899799599198902e-01 -4.666316897710266753e-02 3.553488655191977319e+00 1.013946869452669830e+01 1.961141157696605219e+01 3.176743006772648314e+01
1.014028056112224352e+00 -5.014801119191765466e-02 3.399003274833852117e+00 9.725485237793677129e+00 1.881877792538462302e+01 3.052428742912398008e+01
1.033066132264529147e+00 -5.345312581056879675e-02 3.253807967014101354e+00 9.336543941303737881e+00 1.806930068548146551e+01 2.935570981030738125e+01
1.052104208416833719e+00 -5.597090637107399180e-02 3.117571311615768170e+00 8.970162965097074448e+00 1.736286386715435981e+01 2.825354860359766462e+01
1.071142284569138292e+00 -5.702122114537784558e-02 2.989858065808576271e+00 8.624856167180187327e+00 1.669776143552543957e+01 2.721096566684929385e+01
1.090180360721443087e+00 -5.605885702992844527e-02 2.870332861496748489e+00 8.299210136058880138e+00 1.607120710338825020e+01 2.622316977888234746e+01
1.109218436873747660e+00 -5.298590884710858290e-02 2.758666596860993803e+00 7.991468431692490881e+00 1.548061592996112523e+01 2.528607887318116809e+01
1.128256513026052232e+00 -4.835613999477342273e-02 2.654362164197836993e+00 7.699701691351566346e+00 1.492371874546382848e+01 2.439533573751037565e+01
1.147294589178356805e+00 -4.330646272957742321e-02 2.556721704446008214e+00 7.422097870246779472e+00 1.439809565220994081e+01 2.354658048988540742e+01
1.166332665330661378e+00 -3.920919743763170290e-02 2.464953505082330576e+00 7.157146170216869940e+00 1.390109625179754183e+01 2.273618027904286620e+01
1.185370741482965951e+00 -3.717124643716331750e-02 2.378323611739708632e+00 6.903744187401309240e+00 1.343016323318790839e+01 2.196160868622182250e+01
1.204408817635270523e+00 -3.756448839597333750e-02 2.296275612467550520e+00 6.661278641404217105e+00 1.298312402063981885e+01 2.122141165226098991e+01
1.223446893787575096e+00 -3.976656259174381897e-02 2.218478690511797247e+00 6.429633096797151559e+00 1.255824311412850847e+01 2.051495408582827551e+01
1.242484969939879669e+00 -4.225465002961670963e-02 2.144790323713640756e+00 6.209048696439197990e+00 1.215409283361833204e+01 1.984201870784474764e+01
1.261523046092184464e+00 -4.308087131828052668e-02 2.075145950531130268e+00 5.999862556773012834e+00 1.176935745615556073e+01 1.920233921695966117e+01
1.280561122244489036e+00 -4.057814285783092889e-02 2.009418974049272499e+00 5.802236374205615554e+00 1.140266050447424107e+01 1.859522605286259633e+01
1.299599198396793609e+00 -3.401676426108590084e-02 1.947311159452064899e+00 5.615969999249044164e+00 1.105248151837349369e+01 1.801938105160389725e+01
1.318637274549098404e+00 -2.392676665155549220e-02 1.888320040984310832e+00 5.440442591439323294e+00 1.071719270287007220e+01 1.747290874408169259e+01
1.337675350701402976e+00 -1.193609579325782995e-02 1.831796991030906430e+00 5.274689500411430920e+00 1.039519820045611098e+01 1.695350130537687861e+01
1.356713426853707549e+00 -2.021470921894656843e-04 1.777077612583240596e+00 5.117578765319518830e+00 1.008512477086660830e+01 1.645872621081462484e+01
1.375751503006012122e+00 9.314675458257161075e-03 1.723642804883741553e+00 4.968012974369338863e+00 9.785996020214998481e+00 1.598629992335135519e+01
1.394789579158316695e+00 1.546388415094136597e-02 1.671252492724800920e+00 4.825086561597836443e+00 9.497320831052347145e+00 1.553425943427286171e+01
1.413827655310621267e+00 1.821416008226441410e-02 1.619995746906817358e+00 4.688159223163135714e+00 9.219057362885909157e+00 1.510101207436436077e+01
1.432865731462925840e+00 1.858751270340463016e-02 1.570233057419782918e+00 4.556836934508829984e+00 8.951466473445677252e+00 1.468528754088091404e+01
1.451903807615230413e+00 1.826366841470417751e-02 1.522454327426598475e+00 4.430881694848648245e+00 8.694905132479204823e+00 1.428603351628669671e+01
1.470941883767535208e+00 1.899415446365113058e-02 1.477111133248334429e+00 4.310094354753261747e+00 8.449623136176361626e+00 1.390230386276382823e+01
1.489979959919839780e+00 2.202590179810155063e-02 1.434484910407341829e+00 4.194218499898332730e+00 8.215619854563705360e+00 1.353318065265712278e+01
1.509018036072144353e+00 2.773362326094027525e-02 1.394625916309509828e+00 4.082896824341339936e+00 7.992590645168015762e+00 1.317774831355474419e+01
1.528056112224448926e+00 3.557760092046785561e-02 1.357363466349530867e+00 3.975686492389534088e+00 7.779958148865794065e+00 1.283511389528813851e+01
1.547094188376753499e+00 4.436871414802262548e-02 1.322366899972351240e+00 3.872118617741372670e+00 7.576960186533948871e+00 1.250445279296437207e+01
1.566132264529058293e+00 5.270618460384327714e-02 1.289231388767561937e+00 3.771775252732058714e+00 7.382758472682867001e+00 1.218505598356475872e+01
1.585170340681362866e+00 5.941238073775845924e-02 1.257564651646205789e+00 3.674355863291416835e+00 7.196537021080660068e+00 1.187636001562546539e+01
1.604208416833667439e+00 6.382721346172595678e-02 1.227054310041278740e+00 3.579712242222968133e+00 7.017570508768169901e+00 1.157795050656110902e+01
1.623246492985972012e+00 6.590304492365829658e-02 1.197501691978686278e+00 3.487843200709290326e+00 6.845255909482419909e+00 1.128953978705583694e+01
1.642284569138276584e+00 6.611521600272597665e-02 1.168818244382619609e+00 3.398854120500572229e+00 6.679111650984450144e+00 1.101092664914753172e+01
1.661322645290581157e+00 6.525034194997940407e-02 1.140993006824872369e+00 3.312896867598192685e+00 6.518755310145275317e+00 1.074194951325906011e+01
1.680360721442885952e+00 6.415275546539940532e-02 1.114047974941011043e+00 3.230109199635782691e+00 6.363872815795673432e+00 1.048244381004454162e+01
1.699398797595190524e+00 6.350470167440668001e-02 1.087998592658748542e+00 3.150569274594966274e+00 6.214190008736013127e+00 1.023221109183276312e+01
1.718436873747495097e+00 6.369325058683664165e-02 1.062830268594013416e+00 3.074272980991295867e+00 6.069452968019742656e+00 9.991002955801675967e+00
1.737474949899799670e+00 6.478286750028047769e-02 1.038493389109595100e+00 3.001133596706296647e+00 5.929418788705595134e+00 9.758518820158379015e+00
1.756513026052104243e+00 6.657803327520936398e-02 1.014912893882511158e+00 2.930997727595374691e+00 5.793854990276734007e+00 9.534413958614601725e+00
1.775551102204409037e+00 6.873718879279175353e-02 9.920055166264276636e-01 2.863669463507085844e+00 5.662544020745110984e+00 9.318313253805181162e+00
1.794589178356713610e+00 7.089390418067385846e-02 9.696976841279627557e-01 2.798935463256589262e+00 5.535289181562515815e+00 9.109826556891306382e+00
1.813627254509018183e+00 7.275119975228722113e-02 9.479386966138824144e-01 2.736585904587850671e+00 5.411919138744358371e+00 8.908562720726283857e+00
1.832665330661322756e+00 7.413239200601609569e-02 9.267063069009595644e-01 2.676428774115488185e+00 5.292289413875161053e+00 8.714140707646915729e+00
1.851703406813627328e+00 7.498854560145852555e-02 9.060044999111347419e-01 2.618297142000559852e+00 5.176280453781457069e+00 8.526197269332982387e+00
1.870741482965931901e+00 7.537377905109191034e-02 8.858554884200443569e-01 2.562050561867497578e+00 5.063792831211419987e+00 8.344391410127073527e+00
1.889779559118236696e+00 7.540420208869322294e-02 8.662891286466996021e-01 2.507572494103376126e+00 4.954740720545684596e+00 8.168406210338654105e+00
1.908817635270541269e+00 7.521535116258691589e-02 8.473329253952978091e-01 2.454765757873131893e+00 4.849044989011906281e+00 7.997948714015378435e+00
1.927855711422845841e+00 7.492868775125555159e-02 8.290048195261643382e-01 2.403547661269306968e+00 4.746627085483908104e+00 7.832748583266652354e+00
1.946893787575150414e+00 7.463214381334958014e-02 8.113096071056016267e-01 2.353845872842086795e+00 4.647404510409621992e+00 7.672556151656383605e+00
1.965931863727454987e+00 7.437462237920548780e-02 7.942386829956701311e-01 2.305595496179690063e+00 4.551288171472978483e+00 7.517140394942220638e+00
1.984969939879759560e+00 7.417095686717344039e-02 7.777721307766143344e-01 2.258737337890126540e+00 4.458181518268784060e+00 7.366287183550322304e+00
2.004008016032064354e+00 7.401248167218967000e-02 7.618820100888487046e-01 2.213217078054162457e+00 4.367981091464486987e+00 7.219797998168702158e+00
2.023046092184368927e+00 7.387874237982966497e-02 7.465358645052724285e-01 2.168984951735957178e+00 4.280578027264188457e+00 7.077489104201663217e+00
2.042084168336673500e+00 7.374725534444824537e-02 7.316997955119819430e-01 2.125995583635359676e+00 4.195860082397111057e+00 6.939191030030693597e+00
2.061122244488978072e+00 7.359986436336883597e-02 7.173407764882323567e-01 2.084207728147550398e+00 4.113713828120881821e+00 6.804748111565457336e+00
2.080160320641282645e+00 7.342560521587289390e-02 7.034281384497006462e-01 2.043583801585719506e+00 4.034026756887377552e+00 6.674017865864053434e+00
2.099198396793587218e+00 7.322083433414344755e-02 6.899343240879344252e-01 2.004089211993171471e+00 3.956689129605051480e+00 6.546870028552268295e+00
2.118236472945891791e+00 7.298770045350720659e-02 6.768350862753915731e-01 1.965691570378224728e+00 3.881595460765031813e+00 6.423185201577930492e+00
2.137274549098196808e+00 7.273197090291286249e-02 6.641093227274179611e-01 1.928359897799478473e+00 3.808645596066566164e+00 6.302853170466502952e+00
2.156312625250500936e+00 7.246094584551789064e-02 6.517387139317263323e-01 1.892063932797970471e+00 3.737745384464163489e+00 6.185771032657838120e+00
2.175350701402805953e+00 7.218186225287850921e-02 6.397072882817746997e-01 1.856773609375449663e+00 3.668806982727760069e+00 6.071841316652807130e+00
2.194388777555110082e+00 7.190090907729515535e-02 6.280009929361182186e-01 1.822458734514651679e+00 3.601748853904643610e+00 5.960970267868916039e+00
2.213426853707415098e+00 7.162279146734933100e-02 6.166073111840340015e-01 1.789088858751379796e+00 3.536495531330537290e+00 5.853066442425993721e+00
2.232464929859719671e+00 7.135069518487593965e-02 6.055149409595221854e-01 1.756633309139540966e+00 3.472977219099417034e+00 5.748039697261902781e+00
2.251503006012024244e+00 7.108648816216181499e-02 5.947135341531647468e-01 1.725061341302240869e+00 3.411129291794656737e+00 5.645800605209364775e+00
2.270541082164328817e+00 7.083102346104726277e-02 5.841934897121427994e-01 1.694342363793817308e+00 3.350891744677265915e+00 5.546260266887179213e+00
2.289579158316633389e+00 7.058445062922075186e-02 5.739457918996371255e-01 1.664446191124031138e+00 3.292208633629052361e+00 5.449330446420031393e+00
2.308617234468937962e+00 7.034648369729964990e-02 5.639618858116461908e-01 1.635343289348663021e+00 3.235027533869294647e+00 5.354923931540286119e+00
2.327655310621242535e+00 7.011660564649525862e-02 5.542335836181723208e-01 1.607004988221046426e+00 3.179299038392645382e+00 5.262955012567329227e+00
2.346693386773547552e+00 6.989420928184615633e-02 5.447529962087918065e-01 1.579403644667046525e+00 3.124976310799975732e+00 5.173339986116576306e+00
2.365731462925851680e+00 6.967868469518428975e-02 5.355124857213330314e-01 1.552512752129904028e+00 3.072014701918835300e+00 5.085997611808226182e+00
2.384769539078156697e+00 6.946946687254237918e-02 5.265046349047038943e-01 1.526306997967934898e+00 3.020371434670104271e+00 5.000849476546697758e+00
2.403807615230460826e+00 6.926605633590232625e-02 5.177222295495104154e-01 1.500762276056492039e+00 2.970005356848380629e+00 4.917820245402762858e+00
2.422845691382765843e+00 6.906802325674546439e-02 5.091582504834145650e-01 1.475855664215595331e+00 2.920876757086067421e+00 4.836837797432537833e+00
2.441883767535070415e+00 6.887500258830805966e-02 5.008058719671020231e-01 1.451565376575769450e+00 2.872947235767216778e+00 4.757833257864387377e+00
2.460921843687374988e+00 6.868668520582543735e-02 4.926584637781559195e-01 1.427870700165715823e+00 2.826179620400370407e+00 4.680740945427538158e+00
2.479959919839679561e+00 6.850280804808761559e-02 4.847095948103174456e-01 1.404751923482049358e+00 2.780537914156950396e+00 4.605498256389115141e+00
2.498997995991984133e+00 6.832314487370612366e-02 4.769530365977625586e-01 1.382190263017743614e+00 2.735987266753033609e+00 4.532045506434424276e+00
2.518036072144288706e+00 6.814749834529955363e-02 4.693827657287999444e-01 1.360167791987421992e+00 2.692493958291247935e+00 4.460325749093182246e+00
2.537074148296593279e+00 6.797569363210735627e-02 4.619929645944734209e-01 1.338667373955765516e+00 2.650025388643534097e+00 4.390284585932070271e+00
2.556112224448897852e+00 6.780757344049818947e-02 4.547780202957355522e-01 1.317672602827000494e+00 2.608550067076208290e+00 4.321869979924415794e+00
2.575150300601202424e+00 6.764299426248186753e-02 4.477325217957687231e-01 1.297167749705465445e+00 2.568037598786479414e+00 4.255032079759256014e+00
2.594188376753506997e+00 6.748182359450412282e-02 4.408512555694605872e-01 1.277137716474554319e+00 2.528458666663275789e+00 4.189723059667417537e+00
2.613226452905812014e+00 6.732393789591011035e-02 4.341292000754653491e-01 1.257567995521048809e+00 2.489785007831087249e+00 4.125896976782468251e+00
2.632264529058116587e+00 6.716922109563569498e-02 4.275615193964183991e-01 1.238444634815267342e+00 2.451989385378400055e+00 4.063509646158028232e+00
2.651302605210421159e+00 6.701756348774695615e-02 4.211435563651397818e-01 1.219754207481781094e+00 2.415045556166599106e+00 4.002518532281935215e+00
2.670340681362725732e+00 6.686886090574734043e-02 4.148708254477862512e-01 1.201483785029259899e+00 2.378928235836306637e+00 3.942882655192948338e+00
2.689378757515030305e+00 6.672301408844709403e-02 4.087390055991229065e-01 1.183620913492984705e+00 2.343613062142209102e+00 3.884562508973207873e+00
2.708416833667334878e+00 6.657992818108285360e-02 4.027439332460533983e-01 1.166153591866957440e+00 2.309076557641802196e+00 3.827519990377477477e+00
2.727454909819639450e+00 6.643951233292921810e-02 3.968815955064556311e-01 1.149070252326608088e+00 2.275296092584857988e+00 3.771718335531134336e+00
2.746492985971944023e+00 6.630167936332367895e-02 3.911481237070892902e-01 1.132359741860800018e+00 2.242249848646244992e+00 3.717122062917973313e+00
2.765531062124248596e+00 6.616634548017587270e-02 3.855397872299227147e-01 1.116011305034750434e+00 2.209916783951238362e+00 3.663696921207267643e+00
2.784569138276553169e+00 6.603343004091284663e-02 3.800529876961143971e-01 1.100014567685435596e+00 2.178276599667349434e+00 3.611409840792593418e+00
2.803607214428857741e+00 6.590285534291123737e-02 3.746842534751174680e-01 1.084359521416372818e+00 2.147309708297406416e+00 3.560228888208947229e+00
2.822645290581162314e+00 6.577454644469066247e-02 3.694302345027670742e-01 1.069036508800953245e+00 2.116997203703594010e+00 3.510123222835566548e+00
2.841683366733467331e+00 6.564843100729420011e-02 3.642876973820951547e-01 1.054036209236699051e+00 2.087320832816764948e+00 3.461063055487167528e+00
2.860721442885771904e+00 6.552443915739793179e-02 3.592535207423732668e-01 1.039349625410497246e+00 2.058262968940121951e+00 3.413019608637149815e+00
2.879759519038076476e+00 6.540250336664356345e-02 3.543246908317795874e-01 1.024968070346808480e+00 2.029806586529661061e+00 3.365965078117616027e+00
2.898797595190381049e+00 6.528255834516683009e-02 3.494982973203752952e-01 1.010883155016546464e+00 2.001935237327396422e+00 3.319872596204527682e+00
2.917835671342685622e+00 6.516454094732132551e-02 3.447715292933579145e-01 9.970867764859652205e-01 1.974633027719253642e+00 3.274716196036778548e+00
2.936873747494990194e+00 6.504839008954092783e-02 3.401416714182649570e-01 9.835711065844418011e-01 1.947884597204529333e+00 3.230470777337015598e+00
2.955911823647294767e+00 6.493404667545779607e-02 3.356061002705423291e-01 9.703285810712334314e-01 1.921675097870310100e+00 3.187112073408198132e+00
2.974949899799599340e+00 6.482145352965849872e-02 3.311622808065608492e-01 9.573518892768710931e-01 1.895990174779840887e+00 3.144616619381523481e+00
2.993987975951903913e+00 6.471055533787072045e-02 3.268077629735185452e-01 9.446339641983692026e-01 1.870815947197766782e+00 3.102961721686557706e+00
3.013026052104208485e+00 6.460129859231270033e-02 3.225401784482728740e-01 9.321679730212688586e-01 1.846138990583773731e+00 3.062125428708168950e+00
3.032064128256513058e+00 6.449363154160143996e-02 3.183572374986490816e-01 9.199473080490162546e-01 1.821946319302977013e+00 3.022086502592172153e+00
3.051102204408818075e+00 6.438750414411069378e-02 3.142567259615389186e-01 9.079655780142427135e-01 1.798225370003802448e+00 2.982824392156036009e+00
3.070140280561122648e+00 6.428286802589691651e-02 3.102365023328794713e-01 8.962165997509460302e-01 1.774963985627935559e+00 2.944319206860122495e+00
3.089178356713427220e+00 6.417967643774454001e-02 3.062944949656454252e-01 8.846943902082899935e-01 1.752150400019675702e+00 2.906551691794721393e+00
3.108216432865731793e+00 6.407788421765897580e-02 3.024286993728171336e-01 8.733931587868436486e-01 1.729773223108547642e+00 2.869503203638573030e+00
3.127254509018036366e+00 6.397744775204246281e-02 2.986371756317723336e-01 8.623072999809764383e-01 1.707821426643914231e+00 2.833155687548740254e+00
3.146292585170340939e+00 6.387832493854378457e-02 2.949180458875546584e-01 8.514313863124907122e-01 1.686284330462577419e+00 2.797491654942608985e+00
3.165330661322645511e+00 6.378047514941667662e-02 2.912694919530806614e-01 8.407601615436970377e-01 1.665151589274745048e+00 2.762494162139021991e+00
3.184368737474950084e+00 6.368385919421153119e-02 2.876897530035661399e-01 8.302885341568271294e-01 1.644413179953900128e+00 2.728146789827641250e+00
3.203406813627254657e+00 6.358843928305743520e-02 2.841771233632162108e-01 8.200115710929173352e-01 1.624059389319897795e+00 2.694433623340247053e+00
3.222444889779559229e+00 6.349417898885492684e-02 2.807299503830790188e-01 8.099244917395321819e-01 1.604080802404535211e+00 2.661339233701023321e+00
3.241482965931863802e+00 6.340104320831854712e-02 2.773466324060854804e-01 8.000226621609890509e-01 1.584468291189264244e+00 2.628848659435146118e+00
3.260521042084168375e+00 6.330899812310195052e-02 2.740256168198964004e-01 7.903015895660804313e-01 1.565213003806645631e+00 2.596947389117574723e+00
3.279559118236473392e+00 6.321801115961658835e-02 2.707653981934420861e-01 7.807569170053473284e-01 1.546306354195344568e+00 2.565621344645383051e+00
3.298597194388777964e+00 6.312805094713659637e-02 2.675645164961020783e-01 7.713844182939502137e-01 1.527740012199104935e+00 2.534856865216843946e+00
3.317635270541082537e+00 6.303908727637956566e-02 2.644215553966927090e-01 7.621799931541164419e-01 1.509505894098662537e+00 2.504640692001461222e+00
3.336673346693387110e+00 6.295109105609401901e-02 2.613351406403630062e-01 7.531396625720150340e-01 1.491596153566573379e+00 2.474959953483465203e+00
3.355711422845691683e+00 6.286403426976711062e-02 2.583039384999607502e-01 7.442595643624341228e-01 1.474003173030651981e+00 2.445802151461039298e+00
3.374749498997996255e+00 6.277788993079737312e-02 2.553266542999851341e-01 7.355359489362525149e-01 1.456719555434864866e+00 2.417155147681354421e+00
3.393787575150300828e+00 6.269263203882938229e-02 2.524020310095906328e-01 7.269651752625168051e-01 1.439738116381052757e+00 2.389007151090392966e+00
3.412825651302605401e+00 6.260823553387319385e-02 2.495288479013959559e-01 7.185437070190678899e-01 1.423051876637690283e+00 2.361346705674192581e+00
3.431863727454909974e+00 6.252467625211161062e-02 2.467059192736068551e-01 7.102681089230759026e-01 1.406654054998488057e+00 2.334162678867306440e+00
3.450901803607214546e+00 6.244193088072604730e-02 2.439320932314640589e-01 7.021350432336387337e-01 1.390538061474140052e+00 2.307444250501789806e+00
3.469939879759519119e+00 6.235997691274620253e-02 2.412062505252630662e-01 6.941412664181723091e-01 1.374697490799983157e+00 2.281180902270336652e+00
3.488977955911823692e+00 6.227879260298483516e-02 2.385273034412488113e-01 6.862836259730311639e-01 1.359126116241193838e+00 2.255362407674465608e+00
3.508016032064128709e+00 6.219835692379911685e-02 2.358941947423117413e-01 6.785590573899751288e-01 1.343817883679027991e+00 2.229978822430146668e+00
3.527054108216433281e+00 6.211864952113734656e-02 2.333058966556101066e-01 6.709645812591054082e-01 1.328766905959278377e+00 2.205020475301928240e+00
3.546092184368737854e+00 6.203965067098710789e-02 2.307614099036191524e-01 6.634973004998624413e-01 1.313967457486914014e+00 2.180477959337714378e+00
3.565130260521042427e+00 6.196134123669844868e-02 2.282597627759605785e-01 6.561543977106870651e-01 1.299413969050056572e+00 2.156342123476510775e+00
3.584168336673347000e+00 6.188370262606065347e-02 2.258000102396279518e-01 6.489331326298005687e-01 1.285101022857899622e+00 2.132604064503393460e+00
3.603206412825651572e+00 6.180671674917518482e-02 2.233812330842223082e-01 6.418308396984877540e-01 1.271023347777367807e+00 2.109255119326139738e+00
3.622244488977956145e+00 6.173036597663199287e-02 2.210025371011143935e-01 6.348449257198931495e-01 1.257175814755695731e+00 2.086286857550778695e+00
3.641282565130260718e+00 6.165463309795287533e-02 2.186630522929980114e-01 6.279728676060790660e-01 1.243553432415198223e+00 2.063691074333882103e+00
3.660320641282565290e+00 6.157950128094670517e-02 2.163619321132282947e-01 6.212122102072753504e-01 1.230151342809366888e+00 2.041459783492214353e+00
3.679358717434869863e+00 6.150495403050982440e-02 2.140983527320719781e-01 6.145605642172433658e-01 1.216964817329381887e+00 2.019585210851168711e+00
3.698396793587174436e+00 6.143097514936823877e-02 2.118715123291599056e-01 6.080156041500244246e-01 1.203989252751820116e+00 1.998059787816744537e+00
3.717434869739479453e+00 6.135754869814247919e-02 2.096806304100710117e-01 6.015750663828454137e-01 1.191220167418848952e+00 1.976876145156032605e+00
3.736472945891784025e+00 6.128465895732580077e-02 2.075249471463921636e-01 5.952367472619038979e-01 1.178653197543677145e+00 1.956027106974096874e+00
3.755511022044088598e+00 6.121229038937251593e-02 2.054037227374722052e-01 5.889985012669360920e-01 1.166284093634434749e+00 1.935505684876390964e+00
3.774549098196393171e+00 6.114042760264143395e-02 2.033162367937367820e-01 5.828582392320644789e-01 1.154108717030695397e+00 1.915305072307333045e+00
3.793587174348697744e+00 6.106905531658503999e-02 2.012617877396246646e-01 5.768139266197619408e-01 1.142123036547908033e+00 1.895418639057355970e+00
3.812625250501002316e+00 6.099815832871509358e-02 1.992396922367129508e-01 5.708635818470314538e-01 1.130323125224940606e+00 1.875839925931669816e+00
3.831663326653306889e+00 6.092772148361187690e-02 1.972492846248491416e-01 5.650052746604836695e-01 1.118705157171486331e+00 1.856562639575299656e+00
3.850701402805611462e+00 6.085772964459489065e-02 1.952899163820562278e-01 5.592371245602467678e-01 1.107265404511336815e+00 1.837580647450081317e+00
3.869739478957916035e+00 6.078816766783912834e-02 1.933609556017990005e-01 5.535572992707472606e-01 1.096000234419588049e+00 1.818887972959625010e+00
3.888777555110220607e+00 6.071902037989384410e-02 1.914617864874186004e-01 5.479640132579680634e-01 1.084906106250601132e+00 1.800478790719550526e+00
3.907815631262525180e+00 6.065027255858484317e-02 1.895918088633058995e-01 5.424555262919222853e-01 1.073979568754984237e+00 1.782347421970261081e+00
3.926853707414829753e+00 6.058190891766805641e-02 1.877504377024738491e-01 5.370301420540641857e-01 1.063217257383397563e+00 1.764488330130030036e+00
3.945891783567134770e+00 6.051391409590068521e-02 1.859371026700628315e-01 5.316862067890072430e-01 1.052615891675716675e+00 1.746896116487045125e+00
3.964929859719439342e+00 6.044627264994965193e-02 1.841512476822873834e-01 5.264221079998059327e-01 1.042172272733868921e+00 1.729565516027986583e+00
3.983967935871743915e+00 6.037896905267518821e-02 1.823923304809364487e-01 5.212362731867695720e-01 1.031883280776370260e+00 1.712491393401810891e+00
4.003006012024048488e+00 6.031198769594629111e-02 1.806598222227874528e-01 5.161271686284850668e-01 1.021745872773876629e+00 1.695668739017038629e+00
4.022044088176352616e+00 6.024531289866696254e-02 1.789532070834618238e-01 5.110932982053644213e-01 1.011757080163231848e+00 1.679092665270155216e+00
4.041082164328657633e+00 6.017892891978843944e-02 1.772719818759841970e-01 5.061332022643806328e-01 1.001914006639374799e+00 1.662758402903601551e+00
4.060120240480962650e+00 6.011281997731363763e-02 1.756156556833307625e-01 5.012454565244480742e-01 9.922138260226900375e-01 1.646661297490487064e+00
4.079158316633266779e+00 6.004697027162837764e-02 1.739837495044755378e-01 4.964286710217041820e-01 9.826537802004843281e-01 1.630796806043533387e+00
4.098196392785570907e+00 5.998136401528447736e-02 1.723757959144680274e-01 4.916814890935886084e-01 9.732311771409163370e-01 1.615160493745663617e+00
4.117234468937875924e+00 5.991598546763438754e-02 1.707913387371448044e-01 4.870025864007513916e-01 9.639433889767868857e-01 1.599748030798238130e+00
4.136272545090180941e+00 5.985081897442733750e-02 1.692299327310295420e-01 4.823906699857690716e-01 9.547878501579070143e-01 1.584555189384455165e+00
4.155310621242485070e+00 5.978584901318583639e-02 1.676911432877436214e-01 4.778444773671069457e-01 9.457620556695380820e-01 1.569577840743219932e+00
4.174348697394790086e+00 5.972106024340132630e-02 1.661745461424565251e-01 4.733627756675322096e-01 9.368635593147017770e-01 1.554811952350487525e+00
4.193386773547095103e+00 5.965643756141014720e-02 1.646797270965886240e-01 4.689443607752931120e-01 9.280899720582030943e-01 1.540253585203215758e+00
4.212424849699399232e+00 5.959196615984845707e-02 1.632062817517894449e-01 4.645880565367772053e-01 9.194389604299100238e-01 1.525898891202294383e+00
4.231462925851703361e+00 5.952763159222721617e-02 1.617538152552316366e-01 4.602927139793595579e-01 9.109082449850649521e-01 1.511744110629798854e+00
4.250501002004008377e+00 5.946341984063889530e-02 1.603219420559930941e-01 4.560572105629539519e-01 9.024955988191071254e-01 1.497785569716518550e+00
4.269539078156313394e+00 5.939931738843026721e-02 1.589102856718291601e-01 4.518804494589005460e-01 8.941988461346236372e-01 1.484019678295596556e+00
4.288577154308617523e+00 5.933531129593758863e-02 1.575184784663246629e-01 4.477613588548347567e-01 8.860158608583217354e-01 1.470442927537657152e+00
4.307615230460921651e+00 5.927138927995082018e-02 1.561461614359916927e-01 4.436988912844572752e-01 8.779445653052420084e-01 1.457051887764041931e+00
4.326653306613226668e+00 5.920753979615649837e-02 1.547929840069393048e-01 4.396920229802975810e-01 8.699829288885052581e-01 1.443843206333426332e+00
4.345691382765531685e+00 5.914375212420948380e-02 1.534586038409989639e-01 4.357397532492535697e-01 8.621289668721028310e-01 1.430813605598985516e+00
4.364729458917835814e+00 5.908001645604973873e-02 1.521426866508199804e-01 4.318411038687208214e-01 8.543807391644966387e-01 1.417959880931815686e+00
4.383767535070140831e+00 5.901632398547756314e-02 1.508449060236697337e-01 4.279951185032901395e-01 8.467363491516225471e-01 1.405278898807641230e+00
4.402805611222445847e+00 5.895266700009585414e-02 1.495649432539341850e-01 4.242008621400143453e-01 8.391939425667903629e-01 1.392767594953866928e+00
4.421843687374749976e+00 5.888903897505351481e-02 1.483024871835512404e-01 4.204574205422070277e-01 8.317517063961634705e-01 1.380422972553638772e+00
4.440881763527054105e+00 5.882543466716672748e-02 1.470572340508455589e-01 4.167638997203670925e-01 8.244078678179439512e-01 1.368242100504895253e+00
4.459919839679359121e+00 5.876185021060165853e-02 1.458288873467860070e-01 4.131194254197752547e-01 8.171606931738684132e-01 1.356222111731383517e+00
4.478957915831664138e+00 5.869828321263045878e-02 1.446171576790776792e-01 4.095231426239040462e-01 8.100084869715588054e-01 1.344360201543978617e+00
4.497995991983968267e+00 5.863473284969068083e-02 1.434217626435784487e-01 4.059742150730586419e-01 8.029495909163681944e-01 1.332653626049733253e+00
4.517034068136273284e+00 5.857119996229094572e-02 1.422424267027794231e-01 4.024718247976127317e-01 7.959823829717417309e-01 1.321099700607420102e+00
4.536072144288577412e+00 5.850768715050867763e-02 1.410788810717062414e-01 3.990151716654786740e-01 7.891052764465644742e-01 1.309695798327423555e+00
4.555110220440882429e+00 5.844419886718956597e-02 1.399308636104221737e-01 3.956034729432202357e-01 7.823167191090216743e-01 1.298439348614679689e+00
4.574148296593186558e+00 5.838074150990770622e-02 1.387981187234613167e-01 3.922359628700450296e-01 7.756151923256682235e-01 1.287327835753077743e+00
4.593186372745491575e+00 5.831732351097972805e-02 1.376803972660019804e-01 3.889118922449210647e-01 7.689992102248378592e-01 1.276358797530246836e+00
4.612224448897795703e+00 5.825395542469273547e-02 1.365774564565746252e-01 3.856305280258683910e-01 7.624673188838083648e-01 1.265529823901311079e+00
4.631262525050100720e+00 5.819065001201177700e-02 1.354890597962616905e-01 3.823911529411957444e-01 7.560180955388784430e-01 1.254838555690512614e+00
4.650300601202404849e+00 5.812742232143740945e-02 1.344149769944947836e-01 3.791930651125092200e-01 7.496501478175084943e-01 1.244282683329634542e+00
4.669338677354709866e+00 5.806428976624072175e-02 1.333549839010902405e-01 3.760355776888344992e-01 7.433621129920647830e-01 1.233859945632176158e+00
4.688376753507013994e+00 5.800127219709667881e-02 1.323088624446226158e-01 3.729180184917972873e-01 7.371526572543507516e-01 1.223568128602214644e+00
4.707414829659319011e+00 5.793839197025402871e-02 1.312764005773340570e-01 3.698397296714034388e-01 7.310204750105915306e-01 1.213405064277145451e+00
4.726452905811624028e+00 5.787567400994373529e-02 1.302573922261119899e-01 3.668000673722063287e-01 7.249642881958499041e-01 1.203368629603112305e+00
4.745490981963928157e+00 5.781314586558543300e-02 1.292516372499499244e-01 3.637984014092828788e-01 7.189828456077561603e-01 1.193456745342304393e+00
4.764529058116233173e+00 5.775083776193546542e-02 1.282589414036354736e-01 3.608341149541555160e-01 7.130749222587247083e-01 1.183667375011268286e+00
4.783567134268537302e+00 5.768878264309475201e-02 1.272791163077774124e-01 3.579066042299356432e-01 7.072393187461786246e-01 1.173998523849333120e+00
4.802605210420842319e+00 5.762701620896330812e-02 1.263119794252487160e-01 3.550152782156424935e-01 7.014748606402213538e-01 1.164448237815976173e+00
4.821643286573146447e+00 5.756557694411870707e-02 1.253573540442635137e-01 3.521595583594321899e-01 6.957803978884138374e-01 1.155014602616722952e+00
4.840681362725451464e+00 5.750450613802911282e-02 1.244150692674664133e-01 3.493388783001357689e-01 6.901548042368409464e-01 1.145695742756218438e+00
4.859719438877755593e+00 5.744384789682654285e-02 1.234849600083301469e-01 3.465526835973873343e-01 6.845969766671921031e-01 1.136489820618169944e+00
4.878757515030060610e+00 5.738364914576950249e-02 1.225668669937144822e-01 3.438004314694285135e-01 6.791058348494327657e-01 1.127395035570724069e+00
4.897795591182364738e+00 5.732395962152100205e-02 1.216606367736044192e-01 3.410815905389748548e-01 6.736803206091955820e-01 1.118409623096915606e+00
4.916833667334669755e+00 5.726483185450198521e-02 1.207661217378849100e-01 3.383956405863486339e-01 6.683193974099278512e-01 1.109531853949311531e+00
4.935871743486974772e+00 5.720632113976299032e-02 1.198831801401804009e-01 3.357420723099112103e-01 6.630220498489431957e-01 1.100760033327794485e+00
4.954909819639278901e+00 5.714848549695827201e-02 1.190116761293742997e-01 3.331203870936874645e-01 6.577872831671259801e-01 1.092092500080211526e+00
4.973947895791583917e+00 5.709138561746416457e-02 1.181514797886402124e-01 3.305300967815006929e-01 6.526141227717949800e-01 1.083527625924609161e+00
4.992985971943888046e+00 5.703508479951863858e-02 1.173024671826984888e-01 3.279707234580572783e-01 6.475016137723541565e-01 1.075063814692842623e+00
5.012024048096193063e+00 5.697964886940318913e-02 1.164645204131198736e-01 3.254417992360482126e-01 6.424488205281143616e-01 1.066699501594511545e+00
5.031062124248497192e+00 5.692514608895433981e-02 1.156375276825604426e-01 3.229428660498147030e-01 6.374548262083188366e-01 1.058433152500793062e+00
5.050100200400802208e+00 5.687164704814106492e-02 1.148213833679975066e-01 3.204734754547882702e-01 6.325187323634380299e-01 1.050263263247356971e+00
5.069138276553106337e+00 5.681922454240757869e-02 1.140159881035076317e-01 3.180331884328729264e-01 6.276396585078997115e-01 1.042188358955827843e+00
5.088176352705411354e+00 5.676795343353968626e-02 1.132212488730602595e-01 3.156215752036306554e-01 6.228167417134863326e-01 1.034206993373301797e+00
5.107214428857715482e+00 5.671791049385823541e-02 1.124370791139264886e-01 3.132382150408128396e-01 6.180491362131985689e-01 1.026317748229159665e+00
5.126252505010020499e+00 5.666917423232954720e-02 1.116633988314022635e-01 3.108826960944964801e-01 6.133360130155834922e-01 1.018519232608689373e+00
5.145290581162324628e+00 5.662182470210797014e-02 1.109001347251286212e-01 3.085546152185096314e-01 6.086765595284779895e-01 1.010810082343124305e+00
5.164328657314629645e+00 5.657594328834772424e-02 1.101472203281829848e-01 3.062535778028904754e-01 6.040699791926685824e-01 1.003188959415364456e+00
5.183366733466934662e+00 5.653161247557721841e-02 1.094045961593656802e-01 3.039791976116305583e-01 5.995154911247050356e-01 9.956545513811608794e-01
5.202404809619238790e+00 5.648891559334892620e-02 1.086722098898707661e-01 3.017310966252517712e-01 5.950123297686457091e-01 9.882055708049847231e-01
5.221442885771543807e+00 5.644793653932967531e-02 1.079500165245980275e-01 2.995089048884381766e-01 5.905597445566629355e-01 9.808407547105115754e-01
5.240480961923847936e+00 5.640875947830476661e-02 1.072379785999859753e-01 2.973122603623239435e-01 5.861569995780760989e-01 9.735588640449059916e-01
5.259519038076152952e+00 5.637146851679049331e-02 1.065360663984029760e-01 2.951408087817822823e-01 5.818033732567112759e-01 9.663586831567428925e-01
5.278557114228457081e+00 5.633614735087168202e-02 1.058442581808902300e-01 2.929942035172444781e-01 5.774981580362242850e-01 9.592390192871513843e-01
5.297595190380762098e+00 5.630287888712211947e-02 1.051625404390481300e-01 2.908721054413511697e-01 5.732406600733148672e-01 9.521987020737748830e-01
5.316633266533066227e+00 5.627174483437170915e-02 1.044909081671963474e-01 2.887741828001904043e-01 5.690301989385391224e-01 9.452365830669895441e-01
5.335671342685371243e+00 5.624282526597774307e-02 1.038293651562954834e-01 2.867001110892078430e-01 5.648661073245470066e-01 9.383515352584749225e-01
5.354709418837675372e+00 5.621619815018696897e-02 1.031779243104716526e-01 2.846495729337563119e-01 5.607477307615890139e-01 9.315424526212692236e-01
5.373747494989980389e+00 5.619193884807951317e-02 1.025366079877146203e-01 2.826222579742241892e-01 5.566744273400825449e-01 9.248082496614694614e-01
5.392785571142285406e+00 5.617011957737375050e-02 1.019054483658862059e-01 2.806178627559554606e-01 5.526455674401237195e-01 9.181478609809199387e-01
5.411823647294589534e+00 5.615080884078810924e-02 1.012844878352078259e-01 2.786360906236757251e-01 5.486605334676922796e-01 9.115602408507340604e-01
5.430861723446894551e+00 5.613407081776428803e-02 1.006737794183932000e-01 2.766766516207430637e-01 5.447187195975161655e-01 9.050443627953876913e-01
5.449899799599198680e+00 5.611996471849039353e-02 1.000733872196519492e-01 2.747392623931496636e-01 5.408195315223578437e-01 8.985992191870192380e-01
5.468937875751503697e+00 5.610854409875827564e-02 9.948338690323706157e-02 2.728236460983258782e-01 5.369623862086595478e-01 8.922238208497531575e-01
5.487975951903807825e+00 5.609985613566581542e-02 9.890386620258699579e-02 2.709295323188602445e-01 5.331467116584002186e-01 8.859171966737640069e-01
5.507014028056112842e+00 5.609394086245042543e-02 9.833492546028634040e-02 2.690566569811551623e-01 5.293719466769956083e-01 8.796783932386269544e-01
5.526052104208416971e+00 5.609083036315506976e-02 9.777667819922793158e-02 2.672047622792637633e-01 5.256375406471557321e-01 8.735064744463809649e-01
5.545090180360721988e+00 5.609054792674745410e-02 9.722925172468568911e-02 2.653735966038182625e-01 5.219429533087177608e-01 8.674005211629365331e-01
5.564128256513026116e+00 5.609310716141108211e-02 9.669278775649992053e-02 2.635629144764166099e-01 5.182876545440863181e-01 8.613596308689642767e-01
5.583166332665331133e+00 5.609851107032831630e-02 9.616744309007535518e-02 2.617724764893389344e-01 5.146711241694195138e-01 8.553829173188332025e-01
5.602204408817636150e+00 5.610675109107590014e-02 9.565339028394674592e-02 2.600020492510120573e-01 5.110928517313991781e-01 8.494695102082553406e-01
5.621242484969940278e+00 5.611780610134134428e-02 9.515081837091227124e-02 2.582514053372459428e-01 5.075523363094762708e-01 8.436185548498940090e-01
5.640280561122245295e+00 5.613164139538830144e-02 9.465993358846438999e-02 2.565203232485800400e-01 5.040490863235055352e-01 8.378292118571658564e-01
5.659318637274549424e+00 5.614820763644251533e-02 9.418096012295508468e-02 2.548085873736729567e-01 5.005826193467132201e-01 8.321006568356917876e-01
5.678356713426854441e+00 5.616743979183520113e-02 9.371414086044112246e-02 2.531159879594204187e-01 4.971524619240590970e-01 8.264320800824187518e-01
5.697394789579158569e+00 5.618925605973073417e-02 9.325973813528744272e-02 2.514423210876273185e-01 4.937581493955860434e-01 8.208226862922329836e-01
5.716432865731463586e+00 5.621355679838458547e-02 9.281803446573652638e-02 2.497873886588220238e-01 4.903992257251201248e-01 8.152716942719314686e-01
5.735470941883767715e+00 5.624022347039971809e-02 9.238933326300188820e-02 2.481509983833876665e-01 4.870752433339815557e-01 8.097783366611404077e-01
5.754509018036072732e+00 5.626911761802202983e-02 9.197395949818573668e-02 2.465329637803765073e-01 4.837857629397265269e-01 8.043418596604661186e-01
5.773547094188376860e+00 5.630007988769852867e-02 9.157226030835441399e-02 2.449331041844945989e-01 4.805303533999432664e-01 7.989615227663161567e-01
5.792585170340681877e+00 5.633292912526496887e-02 9.118460551985591023e-02 2.433512447613705998e-01 4.773085915609593943e-01 7.936365985125222178e-01
5.811623246492986006e+00 5.636746156652128886e-02 9.081138806423567911e-02 2.417872165320002764e-01 4.741200621115910230e-01 7.883663722184959255e-01
5.830661322645291023e+00 5.640345015101298071e-02 9.045302425819176650e-02 2.402408564064303642e-01 4.709643574416573775e-01 7.831501417438485602e-01
5.849699398797596039e+00 5.644064399015156358e-02 9.010995391597660664e-02 2.387120072274251381e-01 4.678410775054775428e-01 7.779872172493184079e-01
5.868737474949900168e+00 5.647876802400689927e-02 8.978264025971419149e-02 2.372005178247237611e-01 4.647498296901912962e-01 7.728769209639472226e-01
5.887775551102205185e+00 5.651752290355165770e-02 8.947156958997692922e-02 2.357062430803006925e-01 4.616902286890031681e-01 7.678185869582456746e-01
5.906813627254509314e+00 5.655658513777085672e-02 8.917725067721403442e-02 2.342290440055886380e-01 4.586618963791087578e-01 7.628115609234549233e-01
5.925851703406814330e+00 5.659560754507591412e-02 8.890021383302297575e-02 2.327687878311598402e-01 4.556644617047356793e-01 7.578551999566016661e-01
5.944889779559118459e+00 5.663422004980391694e-02 8.864100962055367072e-02 2.313253481097793662e-01 4.526975605647645673e-01 7.529488723513936277e-01
5.963927855711423476e+00 5.667203086189536582e-02 8.840020716498037112e-02 2.298986048337624821e-01 4.497608357053897166e-01 7.480919573946902545e-01
5.982965931863727604e+00 5.670862807454045418e-02 8.817839202814881094e-02 2.284884445673809328e-01 4.468539366175834360e-01 7.432838451687329151e-01
6.002004008016032621e+00 5.674358170859973571e-02 8.797616361771629090e-02 2.270947605956394055e-01 4.439765194395519088e-01 7.385239363587089434e-01
6.021042084168336750e+00 5.677644622443709516e-02 8.779413210927430877e-02 2.257174530902089360e-01 4.411282468640487231e-01 7.338116420658208350e-01
6.040080160320641767e+00 5.680676351007598462e-02 8.763291487113061828e-02 2.243564292940905536e-01 4.383087880506851830e-01 7.291463836257435771e-01
6.059118236472946784e+00 5.683406634117833811e-02 8.749313239527192754e-02 2.230116037259939898e-01 4.355178185433630778e-01 7.245275924321887828e-01
6.078156312625250912e+00 5.685788229124340981e-02 8.737540375411323446e-02 2.216828984061939012e-01 4.327550201926556595e-01 7.199547097658942629e-01
6.097194388777555929e+00 5.687773805263327681e-02 8.728034162166309340e-02 2.203702431051771660e-01 4.300200810835233534e-01 7.154271866285588644e-01
6.116232464929860058e+00 5.689316410828099829e-02 8.720854691689138016e-02 2.190735756169167603e-01 4.273126954680733780e-01 7.109444835819768160e-01
6.135270541082165074e+00 5.690369967418870689e-02 8.716060314768657447e-02 2.177928420586405789e-01 4.246325637038287359e-01 7.065060705921161199e-01
6.154308617234469203e+00 5.690889781313153428e-02 8.713707055273432756e-02 2.165279971990445584e-01 4.219793921972976314e-01 7.021114268781949441e-01
6.173346693386774220e+00 5.690833060317646019e-02 8.713848015577355111e-02 2.152790048171555615e-01 4.193528933531445180e-01 6.977600407667067239e-01
6.192384769539078349e+00 5.690159423101566472e-02 8.716532785943603701e-02 2.140458380943098815e-01 4.167527855290305006e-01 6.934514095502741782e-01
6.211422845691383365e+00 5.688831387236768788e-02 8.721806871380927140e-02 2.128284800416869460e-01 4.141787929962227333e-01 6.891850393513690998e-01
6.230460921843687494e+00 5.686814822024178345e-02 8.729711149657082281e-02 2.116269239663021162e-01 4.116306459062167855e-01 6.849604449908607284e-01
6.249498997995992511e+00 5.684079352657938483e-02 8.740281373501671003e-02 2.104411739784588231e-01 4.091080802635073677e-01 6.807771498613051087e-01
6.268537074148297528e+00 5.680598703667228550e-02 8.753547728819467688e-02 2.092712455439025010e-01 4.066108379046030619e-01 6.766346858050352742e-01
6.287575150300601656e+00 5.676350971454793837e-02 8.769534458650761477e-02 2.081171660843034454e-01 4.041386664837323672e-01 6.725325929968982708e-01
6.306613226452906673e+00 5.671318818356665264e-02 8.788259560084271671e-02 2.069789756297543415e-01 4.016913194652030894e-01 6.684704198318709434e-01
6.325651302605210802e+00 5.665489583629333692e-02 8.809734558279548600e-02 2.058567275275371422e-01 3.992685561228984659e-01 6.644477228172629424e-01
6.344689378757515819e+00 5.658855309968224834e-02 8.833964358524673544e-02 2.047504892113926611e-01 3.968701415469854665e-01 6.604640664696621588e-01
6.363727454909819947e+00 5.651412687393780193e-02 8.860947173966172985e-02 2.036603430361876577e-01 3.944958466584286838e-01 6.565190232166768780e-01
6.382765531062124964e+00 5.643162919388476639e-02 8.890674523658395612e-02 2.025863871828439966e-01 3.921454482312846657e-01 6.526121733032976824e-01
6.401803607214429093e+00 5.634111518726500623e-02 8.923131292821567806e-02 2.015287366389346690e-01 3.898187289235113262e-01 6.487431047031148035e-01
6.420841683366734109e+00 5.624268042617324576e-02 8.958295845165240023e-02 2.004875242605618224e-01 3.875154773163889677e-01 6.449114130342388229e-01
6.439879759519038238e+00 5.613645778170320982e-02 8.996140175597093502e-02 1.994629019213840226e-01 3.852354879633054785e-01 6.411167014800220887e-01
6.458917835671343255e+00 5.602261390007547137e-02 9.036630090801166248e-02 1.984550417549169610e-01 3.829785614480633038e-01 6.373585807146966431e-01
6.477955911823647384e+00 5.590134542029455422e-02 9.079725405042357589e-02 1.974641374964424823e-01 3.807445044535731626e-01 6.336366688338347375e-01
6.496993987975952400e+00 5.577287504885179020e-02 9.125380138894062521e-02 1.964904059309551254e-01 3.785331298412331069e-01 6.299505912897482851e-01
6.516032064128257417e+00 5.563744759830955428e-02 9.173542709502498227e-02 1.955340884534165491e-01 3.763442567418250340e-01 6.262999808319433814e-01
6.535070140280561546e+00 5.549532608436262560e-02 9.224156102220811004e-02 1.945954527476483620e-01 3.741777106585503221e-01 6.226844774526184567e-01
6.554108216432866563e+00 5.534678796121331179e-02 9.277158014995501301e-02 1.936747945898079082e-01 3.720333235829173524e-01 6.191037283373164168e-01
6.573146292585170691e+00 5.519212155946053716e-02 9.332480968369601115e-02 1.927724397815342716e-01 3.699109341244103399e-01 6.155573878208530081e-01
6.592184368737475708e+00 5.503162277502886973e-02 9.390052375797230955e-02 1.918887462173666791e-01 3.678103876547957340e-01 6.120451173485672580e-01
6.611222444889779837e+00 5.486559204270427537e-02 9.449794570441749642e-02 1.910241060891783860e-01 3.657315364679752379e-01 6.085665854430488686e-01
6.630260521042084854e+00 5.469433161439712920e-02 9.511624786216635319e-02 1.901789482291255939e-01 3.636742399566415540e-01 6.051214676765179767e-01
6.649298597194388982e+00 5.451814315016029200e-02 9.575455092255863443e-02 1.893537405893621905e-01 3.616383648066942014e-01 6.017094466487605819e-01
6.668336673346693999e+00 5.433732562070346661e-02 9.641192281256610874e-02 1.885489928543932492e-01 3.596237852109034350e-01 5.983302119711565448e-01
6.687374749498998128e+00 5.415217351156408065e-02 9.708737713359047450e-02 1.877652591767777768e-01 3.576303831030366309e-01 5.949834602565833297e-01
6.706412825651303145e+00 5.396297531402293596e-02 9.777987118391961996e-02 1.870031410222832147e-01 3.556580484140800524e-01 5.916688951156132692e-01
6.725450901803608161e+00 5.377001228271610644e-02 9.848830360251059624e-02 1.862632901031589794e-01 3.537066793522082309e-01 5.883862271591507875e-01
6.744488977955912290e+00 5.357355743802746234e-02 9.921151168491276762e-02 1.855464113701787987e-01 3.517761827082516723e-01 5.851351740075881880e-01
6.763527054108217307e+00 5.337387478922112766e-02 9.994826843171583652e-02 1.848532660235877589e-01 3.498664741886558516e-01 5.819154603069355280e-01
6.782565130260521435e+00 5.317121875439016765e-02 1.006972794039171226e-01 1.841846744905190902e-01 3.479774787781392820e-01 5.787268177519988566e-01
6.801603206412826452e+00 5.296583375328597215e-02 1.014571794736136012e-01 1.835415193015330071e-01 3.461091311342955334e-01 5.755689851168871440e-01
6.820641282565130581e+00 5.275795395028792106e-02 1.022265295746597052e-01 1.829247477812206424e-01 3.442613760167229087e-01 5.724417082932680145e-01
6.839679358717435598e+00 5.254780312608069159e-02 1.030038135772677610e-01 1.823353744472084870e-01 3.424341687535069623e-01 5.693447403364743087e-01
6.858717434869739726e+00 5.233559465827922891e-02 1.037874354316785791e-01 1.817744829888439662e-01 3.406274757479319515e-01 5.662778415200191429e-01
6.877755511022044743e+00 5.212153159296191440e-02 1.045757167498864021e-01 1.812432276701724521e-01 3.388412750288608555e-01 5.632407793986449196e-01
6.896793587174348872e+00 5.190580679106455292e-02 1.053668950210986111e-01 1.807428339743247236e-01 3.370755568481930142e-01 5.602333288805309008e-01
6.915831663326653889e+00 5.168860313519511168e-02 1.061591226834233542e-01 1.802745982759724475e-01 3.353303243293391800e-01 5.572552723088344262e-01
6.934869739478958905e+00 5.147009378440956656e-02 1.069504673021990232e-01 1.798398862994093350e-01 3.336055941708476191e-01 5.543063995531763988e-01
6.953907815631263034e+00 5.125044246598751962e-02 1.077389131313592346e-01 1.794401300917642939e-01 3.319013974097214104e-01 5.513865081114750488e-01
6.972945891783568051e+00 5.102980379480347856e-02 1.085223643545957378e-01 1.790768232179917041e-01 3.302177802492345937e-01 5.484954032226042608e-01
6.991983967935872180e+00 5.080832361230670086e-02 1.092986503165394724e-01 1.787515138695298655e-01 3.285548049565776840e-01 5.456328979904611076e-01
7.011022044088177196e+00 5.058613933836250687e-02 1.100655330547612165e-01 1.784657955762743164e-01 3.269125508358958210e-01 5.427988135199666164e-01
7.030060120240481325e+00 5.036338033024129884e-02 1.108207174258034472e-01 1.782212952269368877e-01 3.252911152827667185e-01 5.399929790656770034e-01
7.049098196392786342e+00 5.014016824421568819e-02 1.115618640797823302e-01 1.780196581412286094e-01 3.236906149265376120e-01 5.372152321935268482e-01
7.068136272545090470e+00 4.991661739574469736e-02 1.122866054693254789e-01 1.778625300033251366e-01 3.221111868673821044e-01 5.344654189565488656e-01
7.087174348697395487e+00 4.969283511536772002e-02 1.129925649802801385e-01 1.777515355645359618e-01 3.205529900151597444e-01 5.317433940851198360e-01
7.106212424849699616e+00 4.946892209767150134e-02 1.136773791374980913e-01 1.776882541555869777e-01 3.190162065377964984e-01 5.290490211926949238e-01
7.125250501002004633e+00 4.924497274159452681e-02 1.143387226728436734e-01 1.776741922140622210e-01 3.175010434267788728e-01 5.263821729976444486e-01
7.144288577154308761e+00 4.902107548043897756e-02 1.149743360491770755e-01 1.777107532256738953e-01 3.160077341879663493e-01 5.237427315622571466e-01
7.163326653306613778e+00 4.879731310067665639e-02 1.155820548238402912e-01 1.777992056873165805e-01 3.145365406658426899e-01 5.211305885495981505e-01
7.182364729458918795e+00 4.857376304866225375e-02 1.161598400249473778e-01 1.779406499100565642e-01 3.130877550090626626e-01 5.185456454993797593e-01
7.201402805611222924e+00 4.835049772496987502e-02 1.167058085234240483e-01 1.781359846702780247e-01 3.116617017852945093e-01 5.159878141236849958e-01
7.220440881763527941e+00 4.812758476580712708e-02 1.172182622386062356e-01 1.783858748627744351e-01 3.102587402524433213e-01 5.134570166237033551e-01
7.239478957915832069e+00 4.790508731170414758e-02 1.176957149363307281e-01 1.786907213891634205e-01 3.088792667925351343e-01 5.109531860284842741e-01
7.258517034068137086e+00 4.768306426336528514e-02 1.181369153874991113e-01 1.790506345069206029e-01 3.075237175131433354e-01 5.084762665568717255e-01
7.277555110220441215e+00 4.746157052493023276e-02 1.185408657616202066e-01 1.794654117601530152e-01 3.061925710191710226e-01 5.060262140038186418e-01
7.296593186372746231e+00 4.724065723484272700e-02 1.189068343338176431e-01 1.799345214110667779e-01 3.048863513551090532e-01 5.036029961522396903e-01
7.315631262525050360e+00 4.702037198475524787e-02 1.192343618736055877e-01 1.804570920060045713e-01 3.036056311139688213e-01 5.012065932116329670e-01
7.334669338677355377e+00 4.680075902675472077e-02 1.195232614316197456e-01 1.810319083656068695e-01 3.023510347043960600e-01 4.988369982847924433e-01
7.353707414829659506e+00 4.658185946938674799e-02 1.197736116154042019e-01 1.816574139213567030e-01 3.011232417608238343e-01 4.964942178637762327e-01
7.372745490981964522e+00 4.636371146290993450e-02 1.199857438069755339e-01 1.823317189661730620e-01 2.999229906735501605e-01 4.941782723564800417e-01
7.391783567134269539e+00 4.614635037417193220e-02 1.201602240892815643e-01 1.830526140834265736e-01 2.987510822051279713e-01 4.918891966449522313e-01
7.410821643286573668e+00 4.592980895173283395e-02 1.202978308869222246e-01 1.838175877928389101e-01 2.976083831467218888e-01 4.896270406767221917e-01
7.429859719438878685e+00 4.571411748153737797e-02 1.203995294720717202e-01 1.846238473225226828e-01 2.964958299520894514e-01 4.873918700902842849e-01
7.448897795591182813e+00 4.549930393363998266e-02 1.204664445352719715e-01 1.854683413866513031e-01 2.954144322676500178e-01 4.851837668756583954e-01
7.467935871743487830e+00 4.528539410054786135e-02 1.204998319801354051e-01 1.863477839124519642e-01 2.943652762537651846e-01 4.830028300710382250e-01
7.486973947895791959e+00 4.507241172744176627e-02 1.205010509879245878e-01 1.872586778011123276e-01 2.933495275649427581e-01 4.808491764961551618e-01
7.506012024048096976e+00 4.486037863484365618e-02 1.204715372334679013e-01 1.881973380034564769e-01 2.923684338244685321e-01 4.787229415228798080e-01
7.525050100200401104e+00 4.464931483413097507e-02 1.204127779418689564e-01 1.891599134210890931e-01 2.914233263923401984e-01 4.766242798832564520e-01
7.544088176352706121e+00 4.443923863618808034e-02 1.203262892757694658e-01 1.901424073839205198e-01 2.905156211842142011e-01 4.745533665146878799e-01
7.563126252505010250e+00 4.423016675380294499e-02 1.202135963541480779e-01 1.911406966898279713e-01 2.896468182544089109e-01 4.725103974416640096e-01
7.582164328657315266e+00 4.402211439782792446e-02 1.200762160360416136e-01 1.921505494064507935e-01 2.888184998091212763e-01 4.704955906928606213e-01
7.601202404809620283e+00 4.381509536784126968e-02 1.199156424649042707e-01 1.931676418206586809e-01 2.880323262694370889e-01 4.685091872515066980e-01
7.620240480961924412e+00 4.360912213735312903e-02 1.197333352621150621e-01 1.941875750714751048e-01 2.872900299609547625e-01 4.665514520363830964e-01
7.639278557114229429e+00 4.340420593399993421e-02 1.195307101827516455e-01 1.952058921134217362e-01 2.865934059725669392e-01 4.646226749096203923e-01
7.658316633266533557e+00 4.320035681499930641e-02 1.193091319979557169e-01 1.962180957257934344e-01 2.859442997081658167e-01 4.627231717062691985e-01
7.677354709418838574e+00 4.299758373813199197e-02 1.190699093428489591e-01 1.972196683059175282e-01 2.853445906589481829e-01 4.608532852792761036e-01
7.696392785571142703e+00 4.279589462852357445e-02 1.188142912620735042e-01 1.982060941572068302e-01 2.847961719604467645e-01 4.590133865516575762e-01
7.715430861723447720e+00 4.259529644150784888e-02 1.185434651914411275e-01 1.991728848992818102e-01 2.843009253769033795e-01 4.572038755659081910e-01
7.734468937875751848e+00 4.239579522177769344e-02 1.182585561299702159e-01 2.001156084847302841e-01 2.838606914854439611e-01 4.554251825181399593e-01
7.753507014028056865e+00 4.219739615898213114e-02 1.179606267782687123e-01 2.010299220986384583e-01 2.834772350209822656e-01 4.536777687619447108e-01
7.772545090180360994e+00 4.200010364015562686e-02 1.176506784440786435e-01 2.019116089461857055e-01 2.831522055930484894e-01 4.519621277638137258e-01
7.791583166332666011e+00 4.180392129898694714e-02 1.173296525411889335e-01 2.027566186026786288e-01 2.828870942937407040e-01 4.502787859885302169e-01
7.810621242484970139e+00 4.160885206224079758e-02 1.169984325333860709e-01 2.035611102264358319e-01 2.826831870692763649e-01 4.486283036887802056e-01
7.829659318637275156e+00 4.141489819339031625e-02 1.166578461983427822e-01 2.043214975401528855e-01 2.825415161031375466e-01 4.470112755688693262e-01
7.848697394789580173e+00 4.122206133381043497e-02 1.163086681081934165e-01 2.050344941065864457e-01 2.824628108222291822e-01 4.454283312874597334e-01
7.867735470941884302e+00 4.103034254142653298e-02 1.159516222424435417e-01 2.056971571015539513e-01 2.824474504470979030e-01 4.438801357584106766e-01
7.886773547094189318e+00 4.083974232724764397e-02 1.155873846657155257e-01 2.063069275677984482e-01 2.824954202155683380e-01 4.423673892029639232e-01
7.905811623246493447e+00 4.065026068962460104e-02 1.152165862168192667e-01 2.068616650608827434e-01 2.826062734746777605e-01 4.408908268998795732e-01
7.924849699398798464e+00 4.046189714666863918e-02 1.148398151682672869e-01 2.073596747035180987e-01 2.827791017252240802e-01 4.394512185731437870e-01
7.943887775551102592e+00 4.027465076667093719e-02 1.144576198247687082e-01 2.077997249591205797e-01 2.830125144061846343e-01 4.380493673495127749e-01
7.962925851703407609e+00 4.008852019682925677e-02 1.140705110379694048e-01 2.081810549057333259e-01 2.833046297355198417e-01 4.366861082110284342e-01
7.981963927855711738e+00 3.990350369025506827e-02 1.136789646213429150e-01 2.085033703964053464e-01 2.836530773195420907e-01 4.353623058602042462e-01
8.001002004008016755e+00 3.971959913148586513e-02 1.132834236543778239e-01 2.087668291703513590e-01 2.840550125664579317e-01 4.340788519090211239e-01
8.020040080160320883e+00 3.953680406048949020e-02 1.128843006698454360e-01 2.089720156558120268e-01 2.845071422652390436e-01 4.328366612968378990e-01
8.039078156312626788e+00 3.935511569527960080e-02 1.124819797209229977e-01 2.091199068062176147e-01 2.850057600917380585e-01 4.316366678382408395e-01
8.058116232464930917e+00 3.917453095325233725e-02 1.120768183278005592e-01 2.092118307739133654e-01 2.855467903417613362e-01 4.304798187991124570e-01
8.077154308617235046e+00 3.899504647129536233e-02 1.116691493053565548e-01 2.092494205115847661e-01 2.861258379033149168e-01 4.293670684000286952e-01
8.096192384769540951e+00 3.881665862473402534e-02 1.112592824747046655e-01 2.092345644866051846e-01 2.867382423804892277e-01 4.282993701499220318e-01
8.115230460921843303e+00 3.863936354520418337e-02 1.108475062628919844e-01 2.091693566119794123e-01 2.873791343542709820e-01 4.272776679217629159e-01
8.134268537074149208e+00 3.846315713748869186e-02 1.104340891951676729e-01 2.090560472715554119e-01 2.880434919783111392e-01 4.263028856960642266e-01
8.153306613226453337e+00 3.828803509541703343e-02 1.100192812853395402e-01 2.088969969917596758e-01 2.887261964131866976e-01 4.253759159184070660e-01
8.172344689378757465e+00 3.811399291683938845e-02 1.096033153295062484e-01 2.086946339351625213e-01 2.894220849538051143e-01 4.244976064449692554e-01
8.191382765531063370e+00 3.794102591774015792e-02 1.091864081087121213e-01 2.084514160059025845e-01 2.901260010561910740e-01 4.236687460852860410e-01
8.210420841683367499e+00 3.776912924557250528e-02 1.087687615062271212e-01 2.081697979983462843e-01 2.908328407876029087e-01 4.228900487946602449e-01
8.229458917835671627e+00 3.759829789180320347e-02 1.083505635447557236e-01 2.078522039108982866e-01 2.915375954848736240e-01 4.221621366197898517e-01
8.248496993987977532e+00 3.742852670379318708e-02 1.079319893490026661e-01 2.075010042998725601e-01 2.922353905986678213e-01 4.214855215586085224e-01
8.267535070140281661e+00 3.725981039591316768e-02 1.075132020385404369e-01 2.071184983653631129e-01 2.929215208239025481e-01 4.208605865586429462e-01
8.286573146292585790e+00 3.709214356015080871e-02 1.070943535560605897e-01 2.067069003402991767e-01 2.935914816765326507e-01 4.202875659437875222e-01
8.305611222444891695e+00 3.692552067599466636e-02 1.066755854353457211e-01 2.062683296843140224e-01 2.942409976835256846e-01 4.197665256250455168e-01
8.324649298597194047e+00 3.675993611983811860e-02 1.062570295134863813e-01 2.058048045590605557e-01 2.948660473223922440e-01 4.192973435127406723e-01
8.343687374749499952e+00 3.659538417379160080e-02 1.058388085913839066e-01 2.053182380671056129e-01 2.954628847916352385e-01 4.188796906002968390e-01
8.362725450901804081e+00 3.643185903405718462e-02 1.054210370463598556e-01 2.048104367658442337e-01 2.960280586300534367e-01 4.185130132307161577e-01
8.381763527054108209e+00 3.626935481875835643e-02 1.050038214003642112e-01 2.042831010102777456e-01 2.965584271420664275e-01 4.181965170796214659e-01
8.400801603206414114e+00 3.610786557534965274e-02 1.045872608471856563e-01 2.037378267292376532e-01 2.970511705392871460e-01 4.179291533915125423e-01
8.419839679358718243e+00 3.594738528763886942e-02 1.041714477417536588e-01 2.031761082925436779e-01 2.975037996821194297e-01 4.177096079847533172e-01
8.438877755511022372e+00 3.578790788236311388e-02 1.037564680542584494e-01 2.025993421784630932e-01 2.979141613041352277e-01 4.175362934957123073e-01
8.457915831663328277e+00 3.562942723537384365e-02 1.033424017919271354e-01 2.020088311998121389e-01 2.982804396271175329e-01 4.174073452637593884e-01
8.476953907815632405e+00 3.547193717751265241e-02 1.029293233907272870e-01 2.014057890911018778e-01 2.986011543245644662e-01 4.173206211693096246e-01
8.495991983967936534e+00 3.531543150016496629e-02 1.025173020794200168e-01 2.007913452980638058e-01 2.988751548618470144e-01 4.172737056313124415e-01
8.515030060120240663e+00 3.515990396039109234e-02 1.021064022178962138e-01 2.001665498446424662e-01 2.991016113258506692e-01 4.172639178545578531e-01
8.534068136272546568e+00 3.500534828589521585e-02 1.016966836118917555e-01 1.995323781807740171e-01 2.992800019482456664e-01 4.172883242971621165e-01
8.553106212424850696e+00 3.485175817958777872e-02 1.012882018056640854e-01 1.988897359382102992e-01 2.994100976169162820e-01 4.173437552122979954e-01
8.572144288577154825e+00 3.469912732396703003e-02 1.008810083545418762e-01 1.982394635411699746e-01 2.994919437520157102e-01 4.174268250113263301e-01
8.591182364729458953e+00 3.454744938519919289e-02 1.004751510785424629e-01 1.975823406338717281e-01 2.995258399895365797e-01 4.175339561031571334e-01
8.610220440881764858e+00 3.439671801697768289e-02 1.000706742987398229e-01 1.969190903003647519e-01 2.995123181632544096e-01 4.176614057911690048e-01
8.629258517034068987e+00 3.424692686414337883e-02 9.966761905748773576e-02 1.962503830612951916e-01 2.994521191004080873e-01 4.178052957547376267e-01
8.648296593186373116e+00 3.409806956609464507e-02 9.926602332377039428e-02 1.955768406403041171e-01 2.993461687492945389e-01 4.179616436081218245e-01
8.667334669338677244e+00 3.395013976002612260e-02 9.886592218473787275e-02 1.948990394985766483e-01 2.991955541376813965e-01 4.181263960124895762e-01
8.686372745490983149e+00 3.380313108389743082e-02 9.846734802445930579e-02 1.942175141403443828e-01 2.990014996233238409e-01 4.182954628145682530e-01
8.705410821643287278e+00 3.365703717931180922e-02 9.807033069080017817e-02 1.935327601953943655e-01 2.987653438454703769e-01 4.184647516933698852e-01
8.724448897795591407e+00 3.351185169415388937e-02 9.767489765131215362e-02 1.928452372869795539e-01 2.984885177239812726e-01 4.186302028119858187e-01
8.743486973947897312e+00 3.336756828510467621e-02 9.728107413889258703e-02 1.921553716948563861e-01 2.981725237842621778e-01 4.187878229895569127e-01
8.762525050100201440e+00 3.322418062000039030e-02 9.688888328798100913e-02 1.914635588242649678e-01 2.978189170170944533e-01 4.189337189287147822e-01
8.781563126252505569e+00 3.308168238000525757e-02 9.649834626190427478e-02 1.907701654920851420e-01 2.974292874150213373e-01 4.190641290531530450e-01
8.800601202404809698e+00 3.294006726170525118e-02 9.610948237211386358e-02 1.900755320415708216e-01 2.970052442650112923e-01 4.191754535295820205e-01
8.819639278557115603e+00 3.279932897902364947e-02 9.572230918971244562e-02 1.893799742969467237e-01 2.965484022221297478e-01 4.192642820687841332e-01
8.838677354709419731e+00 3.265946126504613162e-02 9.533684265002440039e-02 1.886837853689994071e-01 2.960603691424688044e-01 4.193274191241166404e-01
8.857715430861723860e+00 3.252045787371569963e-02 9.495309715044097931e-02 1.879872373221730120e-01 2.955427356154743390e-01 4.193619061348195509e-01
8.876753507014027988e+00 3.238231258140512187e-02 9.457108564224891989e-02 1.872905827134309920e-01 2.949970661070986933e-01 4.193650404989406333e-01
8.895791583166333893e+00 3.224501918840762260e-02 9.419081971669407416e-02 1.865940560124706438e-01 2.944248916038659791e-01 4.193343910078429215e-01
8.914829659318638022e+00 3.210857152033357031e-02 9.381230968571631357e-02 1.858978749123358365e-01 2.938277036343778792e-01 4.192678095333857158e-01
8.933867735470942151e+00 3.197296342936158109e-02 9.343556465776764464e-02 1.852022415389580068e-01 2.932069495374852730e-01 4.191634388291621827e-01
8.952905811623248056e+00 3.183818879546284480e-02 9.306059260890017781e-02 1.845073435674420281e-01 2.925640288437190706e-01 4.190197163875150621e-01
8.971943887775552184e+00 3.170424152752598923e-02 9.268740044969793479e-02 1.838133552526139691e-01 2.919002906390865681e-01 4.188353743823177155e-01
8.990981963927856313e+00 3.157111556437319777e-02 9.231599408798919770e-02 1.831204383804635183e-01 2.912170317846030643e-01 4.186094358186059350e-01
9.010020040080160442e+00 3.143880487572638105e-02 9.194637848795031432e-02 1.824287431469611975e-01 2.905154958729301296e-01 4.183412071013266065e-01
9.029058116232466347e+00 3.130730346310950374e-02 9.157855772558749774e-02 1.817384089699066174e-01 2.897968728116455117e-01 4.180302673196732988e-01
9.048096192384770475e+00 3.117660536065462729e-02 9.121253504096739351e-02 1.810495652393259436e-01 2.890622989327037429e-01 4.176764546178136639e-01
9.067134268537074604e+00 3.104670463587893073e-02 9.084831288737633959e-02 1.803623320112359429e-01 2.883128575373313796e-01 4.172798500821190970e-01
9.086172344689378733e+00 3.091759539037582452e-02 9.048589297758315164e-02 1.796768206493859210e-01 2.875495797957987598e-01 4.168407596167609253e-01
9.105210420841684638e+00 3.078927176043883343e-02 9.012527632737379890e-02 1.789931344191192375e-01 2.867734459308461381e-01 4.163596943017841001e-01
9.124248496993988766e+00 3.066172791769511755e-02 8.976646329666261581e-02 1.783113690371634363e-01 2.859853866229676300e-01 4.158373497310615674e-01
9.143286573146292895e+00 3.053495806959968459e-02 8.940945362813003394e-02 1.776316131809540233e-01 2.851862845839511218e-01 4.152745848116595195e-01
9.162324649298598800e+00 3.040895645993977811e-02 8.905424648366980223e-02 1.769539489605506666e-01 2.843769762529557710e-01 4.146724004749090531e-01
9.181362725450902929e+00 3.028371736930656269e-02 8.870084047881325595e-02 1.762784523562784256e-01 2.835582535764094025e-01 4.140319187048476235e-01
9.200400801603207057e+00 3.015923511542399280e-02 8.834923371510444712e-02 1.756051936246784684e-01 2.827308658391418095e-01 4.133543622357023772e-01
9.219438877755511186e+00 3.003550405359017850e-02 8.799942381075814835e-02 1.749342376753513784e-01 2.818955215198642450e-01 4.126410352105501222e-01
9.238476953907817091e+00 2.991251857695508692e-02 8.765140792948408754e-02 1.742656444208510458e-01 2.810528901486967768e-01 4.118933050312462152e-01
9.257515030060121219e+00 2.979027311679377163e-02 8.730518280776004836e-02 1.735994691018110658e-01 2.802036041488386031e-01 4.111125855691177833e-01
9.276553106212425348e+00 2.966876214279181093e-02 8.696074478061467661e-02 1.729357625892760375e-01 2.793482606480955366e-01 4.103003218482206838e-01
9.295591182364729477e+00 2.954798016324600152e-02 8.661808980589986995e-02 1.722745716658090620e-01 2.784874232488411816e-01 4.094579762611291196e-01
9.314629258517035382e+00 2.942792172523591224e-02 8.627721348727493411e-02 1.716159392871405565e-01 2.776216237478572602e-01 4.085870163317445458e-01
9.333667334669339510e+00 2.930858141481699347e-02 8.593811109591968644e-02 1.709599048258202691e-01 2.767513637996545928e-01 4.076889040017622201e-01
9.352705410821643639e+00 2.918995385710775048e-02 8.560077759108866702e-02 1.703065042982236932e-01 2.758771165186241769e-01 4.067650863864888389e-01
9.371743486973949544e+00 2.907203371643151887e-02 8.526520763946893178e-02 1.696557705760948220e-01 2.749993280169753529e-01 4.058169879226853904e-01
9.390781563126253673e+00 2.895481569637586849e-02 8.493139563355205091e-02 1.690077335838469086e-01 2.741184188766768171e-01 4.048460038139837791e-01
9.409819639278557801e+00 2.883829453984882579e-02 8.459933570900678157e-02 1.683624204827234572e-01 2.732347855547536120e-01 4.038534946688797089e-01
9.428857715430861930e+00 2.872246502912850774e-02 8.426902176106566833e-02 1.677198558426412356e-01 2.723488017217808865e-01 4.028407822201572341e-01
9.447895791583167835e+00 2.860732198586555391e-02 8.394044746012226110e-02 1.670800618027633855e-01 2.714608195345231123e-01 4.018091460131095194e-01
9.466933867735471964e+00 2.849286027107436961e-02 8.361360626637821813e-02 1.664430582215018217e-01 2.705711708439301200e-01 4.007598209514593446e-01
9.485971943887776092e+00 2.837907478512144074e-02 8.328849144379323055e-02 1.658088628167884437e-01 2.696801683399746019e-01 3.996939955939947664e-01
9.505010020040080221e+00 2.826596046767991185e-02 8.296509607328926561e-02 1.651774912973336951e-01 2.687881066356257453e-01 3.986128111010391883e-01
9.524048096192386126e+00 2.815351229766537358e-02 8.264341306517999919e-02 1.645489574853599701e-01 2.678952632917150911e-01 3.975173607366925821e-01
9.543086172344690254e+00 2.804172529317974782e-02 8.232343517105274178e-02 1.639232734316305451e-01 2.670018997853481069e-01 3.964086898410894566e-01
9.562124248496994383e+00 2.793059451140924437e-02 8.200515499492191940e-02 1.633004495231074049e-01 2.661082624241200012e-01 3.952877961948005336e-01
9.581162324649298512e+00 2.782011504855035761e-02 8.168856500385997255e-02 1.626804945839333549e-01 2.652145832086237887e-01 3.941556307058433628e-01
9.600200400801604417e+00 2.771028203965189216e-02 8.137365753802922042e-02 1.620634159700232724e-01 2.643210806457036988e-01 3.930130983576624604e-01
9.619238476953908545e+00 2.760109065854592786e-02 8.106042482024009010e-02 1.614492196578681260e-01 2.634279605149718040e-01 3.918610593641734807e-01
9.638276553106212674e+00 2.749253611766592706e-02 8.074885896492738080e-02 1.608379103278026190e-01 2.625354165909095094e-01 3.907003304848601921e-01
9.657314629258518579e+00 2.738461366792452681e-02 8.043895198673917113e-02 1.602294914422197625e-01 2.616436313230323663e-01 3.895316864595138040e-01
9.676352705410822708e+00 2.727731859857228380e-02 8.013069580863720065e-02 1.596239653190312247e-01 2.607527764762649358e-01 3.883558615282169946e-01
9.695390781563126836e+00 2.717064623699753934e-02 7.982408226955994834e-02 1.590213332006434888e-01 2.598630137338822088e-01 3.871735510072569775e-01
9.714428857715430965e+00 2.706459194858243378e-02 7.951910313174381795e-02 1.584215953188254922e-01 2.589744952650059329e-01 3.859854128966443421e-01
9.733466933867736870e+00 2.695915113650232398e-02 7.921575008758544034e-02 1.578247509557091921e-01 2.580873642588195627e-01 3.847920694988382073e-01
9.752505010020040999e+00 2.685431924156396824e-02 7.891401476620722721e-02 1.572307985011509868e-01 2.572017554272783557e-01 3.835941090321101088e-01
9.771543086172345127e+00 2.675009174197295198e-02 7.861388873967650737e-02 1.566397355067054853e-01 2.563177954783685264e-01 3.823920872250353709e-01
9.790581162324649256e+00 2.664646415318332878e-02 7.831536352887330521e-02 1.560515587364617318e-01 2.554356035614810394e-01 3.811865288813529595e-01
9.809619238476955161e+00 2.654343202762862036e-02 7.801843060905286342e-02 1.554662642148736118e-01 2.545552916866329340e-01 3.799779294067216484e-01
9.828657314629259290e+00 2.644099095457073251e-02 7.772308141517107749e-02 1.548838472718477854e-01 2.536769651191572716e-01 3.787667562910033148e-01
9.847695390781563418e+00 2.633913655983005989e-02 7.742930734683371730e-02 1.543043025851928707e-01 2.528007227512436561e-01 3.775534505412305175e-01
9.866733466933869323e+00 2.623786450559830938e-02 7.713709977311872246e-02 1.537276242207033516e-01 2.519266574518374546e-01 3.763384280619432309e-01
9.885771543086173452e+00 2.613717049020472874e-02 7.684645003704526633e-02 1.531538056698555639e-01 2.510548563961166879e-01 3.751220809805734246e-01
9.904809619238477580e+00 2.603705024786316310e-02 7.655734945982604900e-02 1.525828398854553181e-01 2.501854013758427198e-01 3.739047789167846414e-01
9.923847695390781709e+00 2.593749954846861702e-02 7.626978934493497397e-02 1.520147193151913934e-01 2.493183690917386008e-01 3.726868701951540075e-01
9.942885771543087614e+00 2.583851419734244440e-02 7.598376098194298267e-02 1.514494359333660445e-01 2.484538314290240246e-01 3.714686830014899410e-01
9.961923847695391743e+00 2.574009003498622938e-02 7.569925565012380897e-02 1.508869812707954450e-01 2.475918557170319334e-01 3.702505264833897969e-01
9.980961923847695871e+00 2.564222293686503965e-02 7.541626462192466129e-02 1.503273464430930351e-01 2.467325049740358989e-01 3.690326917961607722e-01
1.000000000000000000e+01 2.554490881312955486e-02 7.513477916622371411e-02 1.497705221773263373e-01 2.458758381380272973e-01 3.678154530954649282e-01
