1.848345294940052230e-01 -1.857247884162901153e-01 1.266344090785790320e-02 -2.011940089281197275e-01
1.757661041818292247e-01 -1.766812028789359612e-01 2.384458879388456909e-03 -2.005165249018117379e-01
1.919156907826586878e-01 -1.926563570394578540e-01 3.087786808515349118e-02 -2.018185717021147019e-01
1.649174588235840233e-01 -1.657179009638451161e-01 2.611541486899650582e-04 -1.988167758018476172e-01
1.968448690244008481e-01 -1.973393958542984938e-01 5.640603016129158709e-02 -2.023314492017436461e-01
1.525283200168713604e-01 -1.530812504483671233e-01 5.517655740064804359e-04 -1.937356793860445792e-01
1.995173199027260869e-01 -1.996772004553110935e-01 7.659789630673463070e-04 -1.848231725091946664e-01
1.388613989385058256e-01 -1.390736852573122018e-01 8.828394845431720983e-02 -2.026754825772306423e-01
6.871401326991762298e-04 -6.871400814837207421e-04 8.653170201156784331e-04 -1.724384443140870860e-01
3.602824232021587404e-03 -3.602807284425455815e-03 1.252323079648286208e-01 -2.028421988185099833e-01
8.776935637167131155e-03 -8.776558785818055000e-03 8.453004761402431195e-04 -1.570903648191728785e-01
1.609140066857662685e-02 -1.608834690984753055e-02 7.251997262422055267e-04 -1.394077440263092049e-01
2.538166735649188821e-02 -2.536733321168909219e-02 5.445948650699489668e-04 -1.201137570440023866e-01
3.644539192184036852e-02 -3.639831111412056980e-02 1.656542750923019891e-01 -2.029098980124038332e-01
4.904939472500637748e-02 -4.893116030010091766e-02 3.524027007922713589e-04 -9.999682614853730445e-02
6.293048506769907680e-02 -6.269468731561318731e-02 1.913187374818334414e-04 -7.987931831831408813e-02
1.241993974665656641e-01 -1.240609977896418581e-01 8.376814384694741670e-05 -6.058452324461535005e-02
7.778381257861745335e-02 -7.740961339393963303e-02 2.787539668790989329e-05 -4.290272689623694791e-02
1.088623537950413195e-01 -1.084756821535060589e-01 6.386561196575204225e-06 -2.755822217415406644e-02
9.324025796150733902e-02 -9.278390031197232546e-02 0.000000000000000000e+00 -1.517934153518844115e-02
2.011999862769411063e-01 -1.991138080923642584e-01 0.000000000000000000e+00 -6.272660759275405784e-03
2.046921742882008566e-01 -1.959051256913993400e-01 0.000000000000000000e+00 -1.200748197994007654e-03
2.104294035143789987e-01 -1.903963513467697433e-01 2.076431694175132903e-01 -2.029777538528738101e-01
2.182768726484752009e-01 -1.826877908013009311e-01 2.491549927586708402e-01 -2.030297196513141111e-01
2.280590721873850812e-01 -1.729455647818129438e-01 1.730812124262897378e-01 -3.557671328161902263e-02
1.730812429225910831e-01 -3.557665493707117682e-02 2.882834321773117825e-01 -2.029593472607930660e-01
2.395590422442110123e-01 -1.613960558245131349e-01 3.233725773142107629e-01 -2.027001793316540179e-01
2.525207862061352726e-01 -1.483246888745519410e-01 3.530119436375598330e-01 -2.022588911817679858e-01
2.666480545227364329e-01 -1.340703261797320522e-01 3.760489274679006955e-01 -2.016795852272395828e-01
2.816018302750455393e-01 -1.190104400667188617e-01 3.916238532271454909e-01 -2.010126251533548014e-01
2.970054885151566793e-01 -1.035364861072521486e-01 3.991744425617864689e-01 -2.002580103876256401e-01
3.124643214752761966e-01 -8.803045398664284538e-02 4.003940253657879977e-01 -1.975400157436589810e-01
3.275912045653569526e-01 -7.285539527311117591e-02 4.006821975102369260e-01 -1.912303583733435952e-01
3.420236619896004360e-01 -5.835778767248851057e-02 4.009121924349932642e-01 -1.811235395097485767e-01
3.554289502085677954e-01 -4.486992404891723685e-02 4.010436841472428959e-01 -1.676946838107319371e-01
3.675043525536542677e-01 -3.270649927610874003e-02 4.010730165774608613e-01 -1.514855099301631314e-01
3.779806645605904292e-01 -2.215748988831216584e-02 4.010107200757404011e-01 -1.331577538564936158e-01
3.866351178026193880e-01 -1.347776837871776483e-02 4.008780788851261656e-01 -1.134608462253574868e-01
3.933113250079741663e-01 -6.859997491662301640e-03 4.006986923584167082e-01 -9.320398996016533710e-02
3.979052969702426279e-01 -2.383814532940086751e-03 4.004903987071071758e-01 -7.322962062764919178e-02
4.005479300604778969e-01 -1.092567817072668548e-04 4.002722433614981923e-01 -5.439120877775243529e-02
4.333347242455604653e-01 -1.444042642502416843e-13 4.001073479654789766e-01 -3.751101499333896888e-02
5.228462829568243375e-01 -2.145803268276289947e-16 4.001305434143784812e-01 -2.324926326265209023e-02
6.707899165036732558e-01 -3.053088467021207040e-18 4.003810568144507975e-01 -1.198396480180622357e-02
8.743609206645226450e-01 -7.771888542600257638e-17 4.006503205347197172e-01 -4.010192141418861093e-03
1.126272730092562568e+00 -5.578577900157338656e-17 4.011584471392902196e-01 -1.322663598051446938e-05
1.417521570224412386e+00 -2.762522370992730075e-18 4.592223523250507644e-01 -4.743438351641212858e-13
1.739330792974326911e+00 -5.677290337462751802e-17 6.211162791334187139e-01 -1.988513169405702431e-16
2.083062906622740407e+00 -1.561043502726626962e-17 8.872739053374223417e-01 -3.536415334489771458e-17
2.439896270798813660e+00 -2.908497732669040830e-17 1.240364852837082976e+00 -5.986117179407679842e-17
2.801017159732585249e+00 -3.752096829697916118e-17 1.656848576692184327e+00 -7.890724216141844693e-17
3.157829335878497456e+00 -6.291714994739852332e-17 2.115102726541278511e+00 -1.444983299699486136e-17
3.502043519588245779e+00 -7.854452571643692942e-19 2.593935114537262443e+00 -3.560100342468738866e-17
3.825799517518563508e+00 -6.608337942149636293e-17 3.072648046218014350e+00 -3.730672849055715121e-17
4.121838200681986919e+00 -3.297510152328291023e-17 3.531663029150817756e+00 -8.954825432240972681e-17
4.383573571978994998e+00 -3.103777355468209656e-17 3.952828727332609038e+00 -5.624886821604552703e-17
4.605034660607308261e+00 -4.310410878505758881e-17 4.319962497580431382e+00 -7.910602342026875712e-17
4.780953569736227315e+00 -2.276761286848636719e-17 4.618810170785522473e+00 -1.453377283129172195e-16
4.907075510266761142e+00 -1.450114676543454328e-17 4.837012088877433946e+00 -4.307436534129190641e-17
4.980358043297835380e+00 -3.268451722788323386e-17 4.965296360877170301e+00 -5.211342769763359687e-19
